fecha,nombre,idpar,h1,h2,h3,h4,h5,h6,h7,h8,h9,h10,h11,h12,h13,h14,h15,h16,h17,h18,h19,h20,h21,h22,h23,h24,h25,
1/9/2024,CENIS (SOLAR LA CENIZA),P  ,0,0,0,0,0,0,0,0,0.4,0.5,0.8,0.8,0.6,0.5,0.3,0.2,0,0,0,0,0,0,0,0,0,
1/9/2024,CENIS (SOLAR LA CENIZA),Q  ,0,0,0,0,0,0,0,0,0.1,0.1,0.1,0.1,0.1,0.1,0.1,0.1,0,0,0,0,0,0,0,0,0,
1/9/2024,CENIS (SOLAR LA CENIZA),VV ,0,0,0,0,0,0,0,0,0,0,0,0,0,0,0,0,0,0,0,0,0,0,0,0,0,
1/9/2024,CENIS (SOLAR LA CENIZA),AV ,0,0,0,0,0,0,0,0,0,0,0,0,0,0,0,0,0,0,0,0,0,0,0,0,0,
1/9/2024,CENIS (SOLAR LA CENIZA),IR ,0,0,0,0,0,0,0,0,0,0,0,0,0,0,0,0,0,0,0,0,0,0,0,0,0,
1/9/2024,CENIS (SOLAR LA CENIZA),TA ,0,0,0,0,0,0,0,0,0,0,0,0,0,0,0,0,0,0,0,0,0,0,0,0,0,
1/9/2024,CENIS (SOLAR LA CENIZA),TM ,0,0,0,0,0,0,0,0,0,0,0,0,0,0,0,0,0,0,0,0,0,0,0,0,0,
1/9/2024,CORES (SOLAR CORTES),P  ,0,0,0,0,0,0,0,0.2,0.6,0.7,0.9,0.9,0.6,0.6,0.5,0.4,0,0,0,0,0,0,0,0,0,
1/9/2024,CORES (SOLAR CORTES),Q  ,0,0,0,0,0,0,0,0.1,0.1,0.1,0.1,0.1,0.1,0.1,0.1,0.1,0,0,0,0,0,0,0,0,0,
1/9/2024,CORES (SOLAR CORTES),VV ,0,0,0,0,0,0,0,0,0,0,0,0,0,0,0,0,0,0,0,0,0,0,0,0,0,
1/9/2024,CORES (SOLAR CORTES),AV ,0,0,0,0,0,0,0,0,0,0,0,0,0,0,0,0,0,0,0,0,0,0,0,0,0,
1/9/2024,CORES (SOLAR CORTES),IR ,0,0,0,0,0,0,0,0,0,0,0,0,0,0,0,0,0,0,0,0,0,0,0,0,0,
1/9/2024,CORES (SOLAR CORTES),TA ,0,0,0,0,0,0,0,0,0,0,0,0,0,0,0,0,0,0,0,0,0,0,0,0,0,
1/9/2024,CORES (SOLAR CORTES),TM ,0,0,0,0,0,0,0,0,0,0,0,0,0,0,0,0,0,0,0,0,0,0,0,0,0,
1/9/2024,PIA2S (SOLAR PINAR 220 A-2),P  ,0,0,0,0,0,0,0,0.2,0.5,0.7,0.9,1,1,0.7,0.8,0.5,0,0,0,0,0,0,0,0,0,
1/9/2024,PIA2S (SOLAR PINAR 220 A-2),Q  ,0,0,0,0,0,0,0,0.1,0.1,0.1,0.1,0.1,0.1,0.1,0.1,0.1,0,0,0,0,0,0,0,0,0,
1/9/2024,PIA2S (SOLAR PINAR 220 A-2),VV ,0,0,0,0,0,0,0,0,0,0,0,0,0,0,0,0,0,0,0,0,0,0,0,0,0,
1/9/2024,PIA2S (SOLAR PINAR 220 A-2),AV ,0,0,0,0,0,0,0,0,0,0,0,0,0,0,0,0,0,0,0,0,0,0,0,0,0,
1/9/2024,PIA2S (SOLAR PINAR 220 A-2),IR ,0,0,0,0,0,0,0,0,0,0,0,0,0,0,0,0,0,0,0,0,0,0,0,0,0,
1/9/2024,PIA2S (SOLAR PINAR 220 A-2),TA ,0,0,0,0,0,0,0,0,0,0,0,0,0,0,0,0,0,0,0,0,0,0,0,0,0,
1/9/2024,PIA2S (SOLAR PINAR 220 A-2),TM ,0,0,0,0,0,0,0,0,0,0,0,0,0,0,0,0,0,0,0,0,0,0,0,0,0,
1/9/2024,PR2CS (SOLAR PINAR 220 C),P  ,0,0,0,0,0,0,0,0.1,0.3,0.6,0.7,0.8,0.5,0.5,0.4,0.3,0,0,0,0,0,0,0,0,0,
1/9/2024,PR2CS (SOLAR PINAR 220 C),Q  ,0,0,0,0,0,0,0,0,0.1,0.1,0.1,0.1,0.1,0.1,0.1,0.1,0,0,0,0,0,0,0,0,0,
1/9/2024,PR2CS (SOLAR PINAR 220 C),VV ,0,0,0,0,0,0,0,0,0,0,0,0,0,0,0,0,0,0,0,0,0,0,0,0,0,
1/9/2024,PR2CS (SOLAR PINAR 220 C),AV ,0,0,0,0,0,0,0,0,0,0,0,0,0,0,0,0,0,0,0,0,0,0,0,0,0,
1/9/2024,PR2CS (SOLAR PINAR 220 C),IR ,0,0,0,0,0,0,0,0,0,0,0,0,0,0,0,0,0,0,0,0,0,0,0,0,0,
1/9/2024,PR2CS (SOLAR PINAR 220 C),TA ,0,0,0,0,0,0,0,0,0,0,0,0,0,0,0,0,0,0,0,0,0,0,0,0,0,
1/9/2024,PR2CS (SOLAR PINAR 220 C),TM ,0,0,0,0,0,0,0,0,0,0,0,0,0,0,0,0,0,0,0,0,0,0,0,0,0,
1/9/2024,PREAS (SOLAR PASO REAL),P  ,0,0,0,0,0,0,0,0.2,0.4,0.6,0.8,1.1,0.9,0.6,0.5,0.4,0,0,0,0,0,0,0,0,0,
1/9/2024,PREAS (SOLAR PASO REAL),Q  ,0,0,0,0,0,0,0,0.1,0.1,0.1,0.1,0.1,0.1,0.1,0.1,0.1,0,0,0,0,0,0,0,0,0,
1/9/2024,PREAS (SOLAR PASO REAL),VV ,0,0,0,0,0,0,0,0,0,0,0,0,0,0,0,0,0,0,0,0,0,0,0,0,0,
1/9/2024,PREAS (SOLAR PASO REAL),AV ,0,0,0,0,0,0,0,0,0,0,0,0,0,0,0,0,0,0,0,0,0,0,0,0,0,
1/9/2024,PREAS (SOLAR PASO REAL),IR ,0,0,0,0,0,0,0,0,0,0,0,0,0,0,0,0,0,0,0,0,0,0,0,0,0,
1/9/2024,PREAS (SOLAR PASO REAL),TA ,0,0,0,0,0,0,0,0,0,0,0,0,0,0,0,0,0,0,0,0,0,0,0,0,0,
1/9/2024,PREAS (SOLAR PASO REAL),TM ,0,0,0,0,0,0,0,0,0,0,0,0,0,0,0,0,0,0,0,0,0,0,0,0,0,
1/9/2024,SAGYS (SOLAR SANGUILY),P  ,0,0,0,0,0,0,0,0,0,0,0,0,0,0,0,0,0,0,0,0,0,0,0,0,0,
1/9/2024,SAGYS (SOLAR SANGUILY),Q  ,0,0,0,0,0,0,0,0,0,0,0,0,0,0,0,0,0,0,0,0,0,0,0,0,0,
1/9/2024,SAGYS (SOLAR SANGUILY),VV ,0,0,0,0,0,0,0,0,0,0,0,0,0,0,0,0,0,0,0,0,0,0,0,0,0,
1/9/2024,SAGYS (SOLAR SANGUILY),AV ,0,0,0,0,0,0,0,0,0,0,0,0,0,0,0,0,0,0,0,0,0,0,0,0,0,
1/9/2024,SAGYS (SOLAR SANGUILY),IR ,0,0,0,0,0,0,0,0,0,0,0,0,0,0,0,0,0,0,0,0,0,0,0,0,0,
1/9/2024,SAGYS (SOLAR SANGUILY),TA ,0,0,0,0,0,0,0,0,0,0,0,0,0,0,0,0,0,0,0,0,0,0,0,0,0,
1/9/2024,SAGYS (SOLAR SANGUILY),TM ,0,0,0,0,0,0,0,0,0,0,0,0,0,0,0,0,0,0,0,0,0,0,0,0,0,
1/9/2024,SMARS (SOLAR SANTA MARIA),P  ,0,0,0,0,0,0,0,0.3,0.5,0.8,0.9,1,0.9,0.7,0.5,0.5,0,0,0,0,0,0,0,0,0,
1/9/2024,SMARS (SOLAR SANTA MARIA),Q  ,0,0,0,0,0,0,0,0.1,0.1,0.1,0.1,0.1,0.1,0.1,0.1,0.1,0,0,0,0,0,0,0,0,0,
1/9/2024,SMARS (SOLAR SANTA MARIA),VV ,0,0,0,0,0,0,0,0,0,0,0,0,0,0,0,0,0,0,0,0,0,0,0,0,0,
1/9/2024,SMARS (SOLAR SANTA MARIA),AV ,0,0,0,0,0,0,0,0,0,0,0,0,0,0,0,0,0,0,0,0,0,0,0,0,0,
1/9/2024,SMARS (SOLAR SANTA MARIA),IR ,0,0,0,0,0,0,0,0,0,0,0,0,0,0,0,0,0,0,0,0,0,0,0,0,0,
1/9/2024,SMARS (SOLAR SANTA MARIA),TA ,0,0,0,0,0,0,0,0,0,0,0,0,0,0,0,0,0,0,0,0,0,0,0,0,0,
1/9/2024,SMARS (SOLAR SANTA MARIA),TM ,0,0,0,0,0,0,0,0,0,0,0,0,0,0,0,0,0,0,0,0,0,0,0,0,0,
1/9/2024,TRO2S (SOLAR TRONCOSO 2),P  ,0,0,0,0,0,0,0,0.2,0.4,0.5,0.8,0.8,0.6,0.5,0.4,0.4,0,0,0,0,0,0,0,0,0,
1/9/2024,TRO2S (SOLAR TRONCOSO 2),Q  ,0,0,0,0,0,0,0,0.1,0.1,0.1,0.1,0.1,0.1,0.1,0.1,0.1,0,0,0,0,0,0,0,0,0,
1/9/2024,TRO2S (SOLAR TRONCOSO 2),VV ,0,0,0,0,0,0,0,0,0,0,0,0,0,0,0,0,0,0,0,0,0,0,0,0,0,
1/9/2024,TRO2S (SOLAR TRONCOSO 2),AV ,0,0,0,0,0,0,0,0,0,0,0,0,0,0,0,0,0,0,0,0,0,0,0,0,0,
1/9/2024,TRO2S (SOLAR TRONCOSO 2),IR ,0,0,0,0,0,0,0,0,0,0,0,0,0,0,0,0,0,0,0,0,0,0,0,0,0,
1/9/2024,TRO2S (SOLAR TRONCOSO 2),TA ,0,0,0,0,0,0,0,0,0,0,0,0,0,0,0,0,0,0,0,0,0,0,0,0,0,
1/9/2024,TRO2S (SOLAR TRONCOSO 2),TM ,0,0,0,0,0,0,0,0,0,0,0,0,0,0,0,0,0,0,0,0,0,0,0,0,0,
1/9/2024,TRONS (SOLAR TRONCOSO),P  ,0,0,0,0,0,0,0,0.2,0.4,0.5,0.8,0.9,0.6,0.5,0.5,0.4,0,0,0,0,0,0,0,0,0,
1/9/2024,TRONS (SOLAR TRONCOSO),Q  ,0,0,0,0,0,0,0,0.1,0.1,0.1,0.1,0.1,0.1,0.1,0.1,0.1,0,0,0,0,0,0,0,0,0,
1/9/2024,TRONS (SOLAR TRONCOSO),VV ,0,0,0,0,0,0,0,0,0,0,0,0,0,0,0,0,0,0,0,0,0,0,0,0,0,
1/9/2024,TRONS (SOLAR TRONCOSO),AV ,0,0,0,0,0,0,0,0,0,0,0,0,0,0,0,0,0,0,0,0,0,0,0,0,0,
1/9/2024,TRONS (SOLAR TRONCOSO),IR ,0,0,0,0,0,0,0,0,0,0,0,0,0,0,0,0,0,0,0,0,0,0,0,0,0,
1/9/2024,TRONS (SOLAR TRONCOSO),TA ,0,0,0,0,0,0,0,0,0,0,0,0,0,0,0,0,0,0,0,0,0,0,0,0,0,
1/9/2024,TRONS (SOLAR TRONCOSO),TM ,0,0,0,0,0,0,0,0,0,0,0,0,0,0,0,0,0,0,0,0,0,0,0,0,0,
1/9/2024,ARIGS (SOLAR ARIGUANABO (SA)),P  ,0,0,0,0,0,0,0.1,0.1,0.4,0.9,0.9,2,2.9,4,2.5,1.8,0.6,0.1,0,0,0,0,0,0,0,
1/9/2024,ARIGS (SOLAR ARIGUANABO (SA)),Q  ,0,0,0,0,0,0,0,0,0,0,0,0,0,0,0,0,0,0,0,0,0,0,0,0,0,
1/9/2024,ARIGS (SOLAR ARIGUANABO (SA)),VV ,0,0,0,0,0,0,0,0,0,0,0,0,0,0,0,0,0,0,0,0,0,0,0,0,0,
1/9/2024,ARIGS (SOLAR ARIGUANABO (SA)),AV ,0,0,0,0,0,0,0,0,0,0,0,0,0,0,0,0,0,0,0,0,0,0,0,0,0,
1/9/2024,ARIGS (SOLAR ARIGUANABO (SA)),IR ,0,0,0,0,0,0,0,0,0,0,0,0,0,0,0,0,0,0,0,0,0,0,0,0,0,
1/9/2024,ARIGS (SOLAR ARIGUANABO (SA)),TA ,0,0,0,0,0,0,0,0,0,0,0,0,0,0,0,0,0,0,0,0,0,0,0,0,0,
1/9/2024,ARIGS (SOLAR ARIGUANABO (SA)),TM ,0,0,0,0,0,0,0,0,0,0,0,0,0,0,0,0,0,0,0,0,0,0,0,0,0,
1/9/2024,BORIS (SOLAR BORINQUEN),P  ,0,0,0,0,0,0,0,0.2,0.2,0.2,0,0.6,0.1,1.2,0,0.4,0,0,0,0,0,0,0,0,0,
1/9/2024,BORIS (SOLAR BORINQUEN),Q  ,0,0,0,0,0,0,0,0,0,0,0,0,0,0,0,0,0,0,0,0,0,0,0,0,0,
1/9/2024,BORIS (SOLAR BORINQUEN),VV ,0,0,0,0,0,0,0,0,0,0,0,0,0,0,0,0,0,0,0,0,0,0,0,0,0,
1/9/2024,BORIS (SOLAR BORINQUEN),AV ,0,0,0,0,0,0,0,0,0,0,0,0,0,0,0,0,0,0,0,0,0,0,0,0,0,
1/9/2024,BORIS (SOLAR BORINQUEN),IR ,0,0,0,0,0,0,0,0,0,0,0,0,0,0,0,0,0,0,0,0,0,0,0,0,0,
1/9/2024,BORIS (SOLAR BORINQUEN),TA ,0,0,0,0,0,0,0,0,0,0,0,0,0,0,0,0,0,0,0,0,0,0,0,0,0,
1/9/2024,BORIS (SOLAR BORINQUEN),TM ,0,0,0,0,0,0,0,0,0,0,0,0,0,0,0,0,0,0,0,0,0,0,0,0,0,
1/9/2024,GUAJS (SOLAR GUAJAIBON (SA)),P  ,0,0,0,0,0,0,0,1.42,9.17,2.61,7.49,6.34,7.96,14.84,8.2,5.6,0.93,0,0,0,0,0,0,0,0,
1/9/2024,GUAJS (SOLAR GUAJAIBON (SA)),Q  ,0,0,0,0,0,0,0,0,0,0,0,0,0,0,0,0,0,0,0,0,0,0,0,0,0,
1/9/2024,GUAJS (SOLAR GUAJAIBON (SA)),VV ,0,0,0,0,0,0,0,0,0,0,0,0,0,0,0,0,0,0,0,0,0,0,0,0,0,
1/9/2024,GUAJS (SOLAR GUAJAIBON (SA)),AV ,0,0,0,0,0,0,0,0,0,0,0,0,0,0,0,0,0,0,0,0,0,0,0,0,0,
1/9/2024,GUAJS (SOLAR GUAJAIBON (SA)),IR ,0,0,0,0,0,0,0,0,0,0,0,0,0,0,0,0,0,0,0,0,0,0,0,0,0,
1/9/2024,GUAJS (SOLAR GUAJAIBON (SA)),TA ,0,0,0,0,0,0,0,0,0,0,0,0,0,0,0,0,0,0,0,0,0,0,0,0,0,
1/9/2024,GUAJS (SOLAR GUAJAIBON (SA)),TM ,0,0,0,0,0,0,0,0,0,0,0,0,0,0,0,0,0,0,0,0,0,0,0,0,0,
1/9/2024,HERRS (SOLAR HERRADURA-VARELA (SA)),P  ,0,0,0,0,0,0,0,2.9,14.5,6.1,10.9,17.1,15.3,11.9,7.4,4.5,3.1,0,0,0,0,0,0,0,0,
1/9/2024,HERRS (SOLAR HERRADURA-VARELA (SA)),Q  ,0,0,0,0,0,0,0,0,0,0,0,0,0,0,0,0,0,0,0,0,0,0,0,0,0,
1/9/2024,HERRS (SOLAR HERRADURA-VARELA (SA)),VV ,0,0,0,0,0,0,0,0,0,0,0,0,0,0,0,0,0,0,0,0,0,0,0,0,0,
1/9/2024,HERRS (SOLAR HERRADURA-VARELA (SA)),AV ,0,0,0,0,0,0,0,0,0,0,0,0,0,0,0,0,0,0,0,0,0,0,0,0,0,
1/9/2024,HERRS (SOLAR HERRADURA-VARELA (SA)),IR ,0,0,0,0,0,0,0,0,0,0,0,0,0,0,0,0,0,0,0,0,0,0,0,0,0,
1/9/2024,HERRS (SOLAR HERRADURA-VARELA (SA)),TA ,0,0,0,0,0,0,0,0,0,0,0,0,0,0,0,0,0,0,0,0,0,0,0,0,0,
1/9/2024,HERRS (SOLAR HERRADURA-VARELA (SA)),TM ,0,0,0,0,0,0,0,0,0,0,0,0,0,0,0,0,0,0,0,0,0,0,0,0,0,
1/9/2024,HLIBS (SOLAR HABANA LIBRE (SA)),P  ,0,0,0,0,0,0,0,0.5,5.2,5.3,3.1,4.9,4.2,0.3,2.2,2.7,0.8,0,0,0,0,0,0,0,0,
1/9/2024,HLIBS (SOLAR HABANA LIBRE (SA)),Q  ,0,0,0,0,0,0,0,0,0,0,0,0,0,0,0,0,0,0,0,0,0,0,0,0,0,
1/9/2024,HLIBS (SOLAR HABANA LIBRE (SA)),VV ,0,0,0,0,0,0,0,0,0,0,0,0,0,0,0,0,0,0,0,0,0,0,0,0,0,
1/9/2024,HLIBS (SOLAR HABANA LIBRE (SA)),AV ,0,0,0,0,0,0,0,0,0,0,0,0,0,0,0,0,0,0,0,0,0,0,0,0,0,
1/9/2024,HLIBS (SOLAR HABANA LIBRE (SA)),IR ,0,0,0,0,0,0,0,0,0,0,0,0,0,0,0,0,0,0,0,0,0,0,0,0,0,
1/9/2024,HLIBS (SOLAR HABANA LIBRE (SA)),TA ,0,0,0,0,0,0,0,0,0,0,0,0,0,0,0,0,0,0,0,0,0,0,0,0,0,
1/9/2024,HLIBS (SOLAR HABANA LIBRE (SA)),TM ,0,0,0,0,0,0,0,0,0,0,0,0,0,0,0,0,0,0,0,0,0,0,0,0,0,
1/9/2024,TREBS (SOLAR TREBOL (SA)),P  ,0,0,0,0,0,0,0,0.4,2,2.6,2.8,4.3,7.6,7,3.5,5.5,3.1,0.7,0,0,0,0,0,0,0,
1/9/2024,TREBS (SOLAR TREBOL (SA)),Q  ,0,0,0,0,0,0,0,0,0,0,0,0,0,0,0,0,0,0,0,0,0,0,0,0,0,
1/9/2024,TREBS (SOLAR TREBOL (SA)),VV ,0,0,0,0,0,0,0,0,0,0,0,0,0,0,0,0,0,0,0,0,0,0,0,0,0,
1/9/2024,TREBS (SOLAR TREBOL (SA)),AV ,0,0,0,0,0,0,0,0,0,0,0,0,0,0,0,0,0,0,0,0,0,0,0,0,0,
1/9/2024,TREBS (SOLAR TREBOL (SA)),IR ,0,0,0,0,0,0,0,0,0,0,0,0,0,0,0,0,0,0,0,0,0,0,0,0,0,
1/9/2024,TREBS (SOLAR TREBOL (SA)),TA ,0,0,0,0,0,0,0,0,0,0,0,0,0,0,0,0,0,0,0,0,0,0,0,0,0,
1/9/2024,TREBS (SOLAR TREBOL (SA)),TM ,0,0,0,0,0,0,0,0,0,0,0,0,0,0,0,0,0,0,0,0,0,0,0,0,0,
1/9/2024,ZAL2S (SOLAR ZAL II),P  ,0,0,0,0,0,0,0,0,0,0,0,0,0,0,0,0,0,0,0,0,0,0,0,0,0,
1/9/2024,ZAL2S (SOLAR ZAL II),Q  ,0,0,0,0,0,0,0,0,0,0,0,0,0,0,0,0,0,0,0,0,0,0,0,0,0,
1/9/2024,ZAL2S (SOLAR ZAL II),VV ,0,0,0,0,0,0,0,0,0,0,0,0,0,0,0,0,0,0,0,0,0,0,0,0,0,
1/9/2024,ZAL2S (SOLAR ZAL II),AV ,0,0,0,0,0,0,0,0,0,0,0,0,0,0,0,0,0,0,0,0,0,0,0,0,0,
1/9/2024,ZAL2S (SOLAR ZAL II),IR ,0,0,0,0,0,0,0,0,0,0,0,0,0,0,0,0,0,0,0,0,0,0,0,0,0,
1/9/2024,ZAL2S (SOLAR ZAL II),TA ,0,0,0,0,0,0,0,0,0,0,0,0,0,0,0,0,0,0,0,0,0,0,0,0,0,
1/9/2024,ZAL2S (SOLAR ZAL II),TM ,0,0,0,0,0,0,0,0,0,0,0,0,0,0,0,0,0,0,0,0,0,0,0,0,0,
1/9/2024,EXPOS (SOLAR EXPOCUBA),P  ,0,0,0,0,0,0,0,0.05,0.17,0.28,0.29,0.15,0.08,0.15,0.21,0.18,0.07,0,0,0,0,0,0,0,0,
1/9/2024,EXPOS (SOLAR EXPOCUBA),Q  ,0,0,0,0,0,0,0,0.01,0.01,0.01,0.01,0.01,0.01,0.01,0.01,0.01,0.01,0,0,0,0,0,0,0,0,
1/9/2024,EXPOS (SOLAR EXPOCUBA),VV ,0,0,0,0,0,0,0,0,0,0,0,0,0,0,0,0,0,0,0,0,0,0,0,0,0,
1/9/2024,EXPOS (SOLAR EXPOCUBA),AV ,0,0,0,0,0,0,0,0,0,0,0,0,0,0,0,0,0,0,0,0,0,0,0,0,0,
1/9/2024,EXPOS (SOLAR EXPOCUBA),IR ,0,0,0,0,0,0,0,0,0,0,0,0,0,0,0,0,0,0,0,0,0,0,0,0,0,
1/9/2024,EXPOS (SOLAR EXPOCUBA),TA ,0,0,0,0,0,0,0,0,0,0,0,0,0,0,0,0,0,0,0,0,0,0,0,0,0,
1/9/2024,EXPOS (SOLAR EXPOCUBA),TM ,0,0,0,0,0,0,0,0,0,0,0,0,0,0,0,0,0,0,0,0,0,0,0,0,0,
1/9/2024,GUANS (SOLAR GUANABO),P  ,0,0,0,0,0,0,0,0.06,0.1,0.15,0.13,0.07,0.08,0.18,0.07,0.06,0.03,0,0,0,0,0,0,0,0,
1/9/2024,GUANS (SOLAR GUANABO),Q  ,0,0,0,0,0,0,0,0.01,0.01,0.01,0,0.01,0.01,0.01,0.01,0.01,0.01,0,0,0,0,0,0,0,0,
1/9/2024,GUANS (SOLAR GUANABO),VV ,0,0,0,0,0,0,0,0,0,0,0,0,0,0,0,0,0,0,0,0,0,0,0,0,0,
1/9/2024,GUANS (SOLAR GUANABO),AV ,0,0,0,0,0,0,0,0,0,0,0,0,0,0,0,0,0,0,0,0,0,0,0,0,0,
1/9/2024,GUANS (SOLAR GUANABO),IR ,0,0,0,0,0,0,0,202,280,396,358,328,635,517,178,140,112,0,0,0,0,0,0,0,0,
1/9/2024,GUANS (SOLAR GUANABO),TA ,24.4,24.2,23.9,23.7,24.2,24.5,23.5,24.9,25.8,26.9,27.4,27.3,27.6,28.1,27.3,27,26.1,26.4,25.1,24.8,24.3,22.8,21.5,21,0,
1/9/2024,GUANS (SOLAR GUANABO),TM ,0,0,0,0,0,0,0,0,0,0,0,0,0,0,0,0,0,0,0,0,0,0,0,0,0,
1/9/2024,LRINS (SOLAR LA RINCONADA 304),P  ,0,0,0,0,0,0,0,0,0,0,0,0,0,0,0,0,0,0,0,0,0,0,0,0,0,
1/9/2024,LRINS (SOLAR LA RINCONADA 304),Q  ,0,0,0,0,0,0,0,0,0,0,0,0,0,0,0,0,0,0,0,0,0,0,0,0,0,
1/9/2024,LRINS (SOLAR LA RINCONADA 304),VV ,0,0,0,0,0,0,0,0,0,0,0,0,0,0,0,0,0,0,0,0,0,0,0,0,0,
1/9/2024,LRINS (SOLAR LA RINCONADA 304),AV ,0,0,0,0,0,0,0,0,0,0,0,0,0,0,0,0,0,0,0,0,0,0,0,0,0,
1/9/2024,LRINS (SOLAR LA RINCONADA 304),IR ,0,0,0,0,0,0,0,0,0,0,0,0,0,0,0,0,0,0,0,0,0,0,0,0,0,
1/9/2024,LRINS (SOLAR LA RINCONADA 304),TA ,0,0,0,0,0,0,0,0,0,0,0,0,0,0,0,0,0,0,0,0,0,0,0,0,0,
1/9/2024,LRINS (SOLAR LA RINCONADA 304),TM ,0,0,0,0,0,0,0,0,0,0,0,0,0,0,0,0,0,0,0,0,0,0,0,0,0,
1/9/2024,NARAS (SOLAR NARANJITO),P  ,0,0,0,0,0,0,0,0.01,0.08,0.19,0.17,0.16,0.21,0.07,0.25,0.08,0.03,0,0,0,0,0,0,0,0,
1/9/2024,NARAS (SOLAR NARANJITO),Q  ,0,0,0,0,0,0,0,0,0.01,0.02,0.01,0.01,0.01,0.01,0.01,0.02,0.01,0,0,0,0,0,0,0,0,
1/9/2024,NARAS (SOLAR NARANJITO),VV ,0,0,0,0,0,0,0,0,0,0,0,0,0,0,0,0,0,0,0,0,0,0,0,0,0,
1/9/2024,NARAS (SOLAR NARANJITO),AV ,0,0,0,0,0,0,0,0,0,0,0,0,0,0,0,0,0,0,0,0,0,0,0,0,0,
1/9/2024,NARAS (SOLAR NARANJITO),IR ,0,0,0,0,0,0,0,0,0,0,0,0,0,0,0,0,0,0,0,0,0,0,0,0,0,
1/9/2024,NARAS (SOLAR NARANJITO),TA ,23.4,23.4,23.4,23.4,23.4,23.4,23.4,23.4,23.4,23.4,23.4,23.4,23.4,23.4,23.4,23.4,23.4,23.4,23.4,23.4,23.4,23.4,23.4,23.4,23.4,
1/9/2024,NARAS (SOLAR NARANJITO),TM ,25.6,25.6,25.6,25.6,25.6,25.6,25.6,25.6,25.6,25.6,25.6,25.6,25.6,25.6,25.6,25.6,25.6,25.6,25.6,25.6,25.6,25.6,25.6,25.6,25.6,
1/9/2024,CAR1S (SOLAR CARDENAS I),P  ,0,0,0,0,0,0,0,0.21,1.24,1.95,2.39,1,0.99,0.98,1.6,1.06,0.24,0,0,0,0,0,0,0,0,
1/9/2024,CAR1S (SOLAR CARDENAS I),Q  ,0,0,0,0,0,0,0,0.01,-0.06,-0.1,-0.16,-0.03,-0.03,-0.05,-0.08,-0.03,0.01,0,0.01,0,0,0,0,0,0,
1/9/2024,CAR1S (SOLAR CARDENAS I),VV ,3.9,3,0.8,0.8,1.1,0,1.1,2.2,2.9,6,10.4,5.1,6.3,7.4,7.7,4.3,3.4,2.7,0.3,1.3,0.8,1.6,1.7,2.8,0.6,
1/9/2024,CAR1S (SOLAR CARDENAS I),AV ,114.2,134.8,148.9,128.8,261.9,0,187.7,150.5,145.5,131.4,165.8,167.3,167.9,162.7,185.3,180.4,19,189.8,101.8,147.4,119.4,150,137.2,186.3,177.2,
1/9/2024,CAR1S (SOLAR CARDENAS I),IR ,0,0,0,0,0,0,2,100,408,592,743,365,304,305,507,312,77,0,0,0,0,0,0,0,0,
1/9/2024,CAR1S (SOLAR CARDENAS I),TA ,22.5,22.6,22.4,21.8,21.5,20.7,20.8,21.4,23.2,25.8,27.7,27.7,29.2,29.4,29.7,28.7,28.1,27,26.1,24.5,23.9,23.7,23.5,24.6,26.3,
1/9/2024,CAR1S (SOLAR CARDENAS I),TM ,22.2,21.8,21.2,20.1,19.7,19.2,19.2,21.5,29.8,34.4,36.5,32.6,36.4,35.3,36.5,32.4,29.2,26.1,23.1,23.1,22.5,22.7,22.7,23.6,24.5,
1/9/2024,CAR3S (SOLAR CARDENAS III),P  ,0,0,0,0,0,0,0,0.16,0.76,1.06,1.34,0.66,0.62,0.5,0.64,0.56,0.13,0,0,0,0,0,0,0,0,
1/9/2024,CAR3S (SOLAR CARDENAS III),Q  ,0,0,0,0,0,0,0,0.03,0.18,0.27,0.35,0.16,0.15,0.12,0.16,0.13,0.03,0,0,0,0,0,0,0,0,
1/9/2024,CAR3S (SOLAR CARDENAS III),VV ,4.1,3.4,0,0,0,0,0,0,2.6,4.1,6.4,3.4,4.1,7.2,4.9,3.4,6.4,2.6,0,1.1,1.1,0,1.8,2.6,0,
1/9/2024,CAR3S (SOLAR CARDENAS III),AV ,109.1,112.1,145.4,110.2,279.9,198,181.5,140.2,145.9,116,126.8,152.3,231.5,183.1,158.3,144.2,186.5,193.8,203.8,126.8,118,127.7,136.1,196.9,185.3,
1/9/2024,CAR3S (SOLAR CARDENAS III),IR ,0,0,0,0,0,0,0,99.8,446.2,592.6,770.1,370.7,346.8,305.6,483,319.1,77.1,0,0,0,0,0,0,0,0,
1/9/2024,CAR3S (SOLAR CARDENAS III),TA ,22.3,21.9,21.4,20.6,19.7,19.4,19.2,121.2,24.8,28,29.1,28.2,29.8,29.7,30.1,29.5,27.7,26.2,24.3,23.5,22.9,22.8,22.6,23.8,25,
1/9/2024,CAR3S (SOLAR CARDENAS III),TM ,0,0,0,0,0,0,0,0,0,0,0,0,0,0,0,0,0,0,0,0,0,0,0,0,0,
1/9/2024,AGUDS (SOLAR AGUADA),P  ,0,0,0,0,0,0,0.15,0.23,0.67,1.44,1.13,1.12,0.55,0.82,1.12,0.26,0.07,0,0,0,0,0,0,0,0,
1/9/2024,AGUDS (SOLAR AGUADA),Q  ,0,0,0,0,0,0,0.02,0.01,-0.03,-0.06,-0.07,-0.03,-0.01,-0.07,-0.06,0.02,0,0,0,0,0,0,0,0,0,
1/9/2024,AGUDS (SOLAR AGUADA),VV ,0,0,0,0,0,0,0,0,1.1,2.6,4.6,2.4,4.1,5.7,4.9,2.6,3.4,0,0,0,0,0,0,0,0,
1/9/2024,AGUDS (SOLAR AGUADA),AV ,0,0,0,0,0,0,80.5,80.6,142.2,174.6,141.6,116.2,106.6,144.3,148.6,161,183.1,0,0,0,0,0,0,0,0,
1/9/2024,AGUDS (SOLAR AGUADA),IR ,0,0,0,0,0,0,141,168.8,342.9,576.6,566.1,478.8,299.4,414.9,500.3,129.6,70.7,0,0,0,0,0,0,0,0,
1/9/2024,AGUDS (SOLAR AGUADA),TA ,0,0,0,0,0,0,22.7,23.1,26.3,30.6,30.1,30.3,28.4,29,29.8,28.6,27.3,0,0,0,0,0,0,0,0,
1/9/2024,AGUDS (SOLAR AGUADA),TM ,0,0,0,0,0,0,0,0,0,0,0,0,0,0,0,0,0,0,0,0,0,0,0,0,0,
1/9/2024,CRANS (SOLAR CANTARRANA),P  ,0,0,0,0,0,0,0,0.18,0.56,0.67,0,0,0.93,0.87,0.41,0.5,0.16,0,0,0,0,0,0,0,0,
1/9/2024,CRANS (SOLAR CANTARRANA),Q  ,0,0,0,0,0,0,0,0,0,0,0,0,0,0,0,0,0,0,0,0,0,0,0,0,0,
1/9/2024,CRANS (SOLAR CANTARRANA),VV ,0,0,0,0,0,0,0,0,0,0,0,0,0,0,0,0,0,0,0,0,0,0,0,0,0,
1/9/2024,CRANS (SOLAR CANTARRANA),AV ,0,0,0,0,0,0,0,0,0,0,0,0,0,0,0,0,0,0,0,0,0,0,0,0,0,
1/9/2024,CRANS (SOLAR CANTARRANA),IR ,37,38,0,40,38,50,52,292,445,618,500,1128,276,403,244,119,73,13,18,24,28,31,43,43,0,
1/9/2024,CRANS (SOLAR CANTARRANA),TA ,0,0,0,0,0,0,0,0,0,0,0,0,0,0,0,0,0,0,0,0,0,0,0,0,0,
1/9/2024,CRANS (SOLAR CANTARRANA),TM ,0,0,0,0,0,0,0,0,0,0,0,0,0,0,0,0,0,0,0,0,0,0,0,0,0,
1/9/2024,CRUCS (SOLAR CRUCES),P  ,0,0,0,0,0,0,0,0.05,0.28,0.71,0.75,0.78,0.47,0.9,0.9,0.53,0.05,0,0,0,0,0,0,0,0,
1/9/2024,CRUCS (SOLAR CRUCES),Q  ,0,0,0,0,0,0,0,0,0,0,0,0,0,0,0,0,0,0,0,0,0,0,0,0,0,
1/9/2024,CRUCS (SOLAR CRUCES),VV ,0,0,0,0,0,0,0,0,0,0,0,0,0,0,0,0,0,0,0,0,0,0,0,0,0,
1/9/2024,CRUCS (SOLAR CRUCES),AV ,0,0,0,0,0,0,0,0,0,0,0,0,0,0,0,0,0,0,0,0,0,0,0,0,0,
1/9/2024,CRUCS (SOLAR CRUCES),IR ,37,38,0,40,38,50,52,292,445,618,500,1128,276,403,244,119,73,13,18,24,28,31,43,43,0,
1/9/2024,CRUCS (SOLAR CRUCES),TA ,0,0,0,0,0,0,0,0,0,0,0,0,0,0,0,0,0,0,0,0,0,0,0,0,0,
1/9/2024,CRUCS (SOLAR CRUCES),TM ,0,0,0,0,0,0,0,0,0,0,0,0,0,0,0,0,0,0,0,0,0,0,0,0,0,
1/9/2024,PALMS (SOLAR PALMIRA),P  ,0,0,0,0,0,0,0,0.24,0.88,1.41,0.38,0,1.26,1.46,0.61,0.66,0,0,0,0,0,0,0,0,0,
1/9/2024,PALMS (SOLAR PALMIRA),Q  ,0,0,0,0,0,0,0,0,0.01,0.02,0,0,0.02,0.02,0.01,0,0,0,0,0,0,0,0,0,0,
1/9/2024,PALMS (SOLAR PALMIRA),VV ,0,0,0,0,0,0,0,0,0,0,0,0,0,0,0,0,0,0,0,0,0,0,0,0,0,
1/9/2024,PALMS (SOLAR PALMIRA),AV ,0,0,0,0,0,0,0,0,0,0,0,0,0,0,0,0,0,0,0,0,0,0,0,0,0,
1/9/2024,PALMS (SOLAR PALMIRA),IR ,37,38,0,40,38,50,52,292,445,618,500,1128,276,403,244,119,73,13,18,24,28,31,43,43,0,
1/9/2024,PALMS (SOLAR PALMIRA),TA ,0,0,0,0,0,0,0,0,0,0,0,0,0,0,0,0,0,0,0,0,0,0,0,0,0,
1/9/2024,PALMS (SOLAR PALMIRA),TM ,0,0,0,0,0,0,0,0,0,0,0,0,0,0,0,0,0,0,0,0,0,0,0,0,0,
1/9/2024,PINOS (SOLAR EL PINO),P  ,0,0,0,0,0,0,0,0,0,0,0,0,0,0,0,0,0,0,0,0,0,0,0,0,0,
1/9/2024,PINOS (SOLAR EL PINO),Q  ,0,0,0,0,0,0,0,0,0,0,0,0,0,0,0,0,0,0,0,0,0,0,0,0,0,
1/9/2024,PINOS (SOLAR EL PINO),VV ,0,0,0,0,0,0,0,0,0,0,0,0,0,0,0,0,0,0,0,0,0,0,0,0,0,
1/9/2024,PINOS (SOLAR EL PINO),AV ,0,0,0,0,0,0,0,0,0,0,0,0,0,0,0,0,0,0,0,0,0,0,0,0,0,
1/9/2024,PINOS (SOLAR EL PINO),IR ,37,38,0,40,38,50,52,292,445,618,500,1128,276,403,244,119,73,13,18,24,28,31,43,43,0,
1/9/2024,PINOS (SOLAR EL PINO),TA ,0,0,0,0,0,0,0,0,0,0,0,0,0,0,0,0,0,0,0,0,0,0,0,0,0,
1/9/2024,PINOS (SOLAR EL PINO),TM ,0,0,0,0,0,0,0,0,0,0,0,0,0,0,0,0,0,0,0,0,0,0,0,0,0,
1/9/2024,YAGUS (SOLAR YAGUARAMAS),P  ,0,0,0,0,0,0,0.81,1.04,1.19,1.48,1.2,3.2,0.86,1.66,0.87,0.31,0.9,0.81,0.81,0,0,0,0,0,0,
1/9/2024,YAGUS (SOLAR YAGUARAMAS),Q  ,0,0,0,0,0,0,0,0,0,0,0,0,0,0,0,0,0,0,0,0,0,0,0,0,0,
1/9/2024,YAGUS (SOLAR YAGUARAMAS),VV ,0,0,0,0,0,0,0,0,0,0,0,0,0,0,0,0,0,0,0,0,0,0,0,0,0,
1/9/2024,YAGUS (SOLAR YAGUARAMAS),AV ,0,0,0,0,0,0,0,0,0,0,0,0,0,0,0,0,0,0,0,0,0,0,0,0,0,
1/9/2024,YAGUS (SOLAR YAGUARAMAS),IR ,37,38,0,40,38,50,52,292,445,618,500,1128,276,403,244,119,73,13,18,24,28,31,43,43,0,
1/9/2024,YAGUS (SOLAR YAGUARAMAS),TA ,0,0,0,0,0,0,0,0,0,0,0,0,0,0,0,0,0,0,0,0,0,0,0,0,0,
1/9/2024,YAGUS (SOLAR YAGUARAMAS),TM ,21.6,20.7,0,19.9,19.4,19.6,19.2,23.2,29.9,32.2,34.8,34.8,32.5,31.9,30.3,28.5,27.3,24.7,23.7,23.4,22.9,22.6,22.6,22.4,0,
1/9/2024,CAG2S (SOLAR CAGUAGUAS II),P  ,0,0,0,0,0,0,0,0.63,1.31,1.94,2.74,3.39,1.32,0.77,0.95,1.17,0.39,0.01,0.01,0,0,0,0,0,0,
1/9/2024,CAG2S (SOLAR CAGUAGUAS II),Q  ,0,0,0,0,0,0,0,0.01,0,0.03,0.08,0.13,0.01,0,0,0.01,0.01,0,0.01,0,0,0,0,0,0,
1/9/2024,CAG2S (SOLAR CAGUAGUAS II),VV ,0,0,0,0,1.1,0,0,2.6,3.4,2.6,4.1,5.7,3.4,2.6,2.6,4.9,2.6,0,0,0,0,0,0,0,0,
1/9/2024,CAG2S (SOLAR CAGUAGUAS II),AV ,122.4,140.2,116.3,109.3,97.9,98,99.4,105.6,120.3,120.3,114.2,151.7,70.4,118.7,130.1,177.5,178.5,154.5,102.5,102.5,102.4,194.3,119.7,119.6,133,
1/9/2024,CAG2S (SOLAR CAGUAGUAS II),IR ,6.5,6.5,5.8,6.5,5.8,5.2,6.5,192.1,386.2,588.1,848.5,1122.2,432,262,319.9,418.7,163.1,10.1,8.3,6.5,5.8,5.8,6.5,6.5,8.8,
1/9/2024,CAG2S (SOLAR CAGUAGUAS II),TA ,21.7,21,20.9,20.9,20.6,20,20.4,23.1,24.3,26.5,28,29.9,29,29.4,30,30.6,28.5,25.8,23.6,21.3,20.6,20.7,20.9,21.6,24.7,
1/9/2024,CAG2S (SOLAR CAGUAGUAS II),TM ,0,0,0,0,0,0,0,0,0,0,0,0,0,0,0,0,0,0,0,0,0,0,0,0,0,
1/9/2024,CAGUS (SOLAR CAGUAGUAS I),P  ,0,0,0,0,0,0,0,0.21,0.6,1.09,1.39,1.69,0.43,0.62,1.05,0.42,1.77,0,0,0,0,0,0,0,0,
1/9/2024,CAGUS (SOLAR CAGUAGUAS I),Q  ,0,0,0,0,0,0,0,0.05,0.16,0.31,0.42,0.53,0.01,0.12,0.11,0.04,0,0,0,0,0,0,0,0,0,
1/9/2024,CAGUS (SOLAR CAGUAGUAS I),VV ,0,0,0,0,0,0,0,0,0,0,0,0,0,0,0,0,0,0,0,0,0,0,0,0,0,
1/9/2024,CAGUS (SOLAR CAGUAGUAS I),AV ,0,0,0,0,0,0,0,0,0,0,0,0,0,0,0,0,0,0,0,0,0,0,0,0,0,
1/9/2024,CAGUS (SOLAR CAGUAGUAS I),IR ,0,0,0,0,0,0,0,0,0,0,0,0,0,0,0,0,0,0,0,0,0,0,0,0,0,
1/9/2024,CAGUS (SOLAR CAGUAGUAS I),TA ,0,0,0,0,0,0,0,0,0,0,0,0,0,0,0,0,0,0,0,0,0,0,0,0,0,
1/9/2024,CAGUS (SOLAR CAGUAGUAS I),TM ,0,0,0,0,0,0,0,0,0,0,0,0,0,0,0,0,0,0,0,0,0,0,0,0,0,
1/9/2024,FRIGS (SOLAR FRIGORIFICO),P  ,0,0,0,0,0,0,0,0.07,0.19,0.53,0.66,0.35,0.27,0.45,0.38,0.2,0.11,0,0,0,0,0,0,0,0,
1/9/2024,FRIGS (SOLAR FRIGORIFICO),Q  ,0,0,0,0,0,0,0,0,0,0.02,0.02,0.01,0.02,0.01,0.02,0.02,0.01,0,0,0,0,0,0,0,0,
1/9/2024,FRIGS (SOLAR FRIGORIFICO),VV ,0,0,0,0,0,0,0,0,0,0,0,0,0,0,0,0,0,0,0,0,0,0,0,0,0,
1/9/2024,FRIGS (SOLAR FRIGORIFICO),AV ,0,0,0,0,0,0,0,0,0,0,0,0,0,0,0,0,0,0,0,0,0,0,0,0,0,
1/9/2024,FRIGS (SOLAR FRIGORIFICO),IR ,0,0,0,0,0,0,0,0,0,0,0,0,0,0,0,0,0,0,0,0,0,0,0,0,0,
1/9/2024,FRIGS (SOLAR FRIGORIFICO),TA ,0,0,0,0,0,0,0,0,0,0,0,0,0,0,0,0,0,0,0,0,0,0,0,0,0,
1/9/2024,FRIGS (SOLAR FRIGORIFICO),TM ,0,0,0,0,0,0,0,0,0,0,0,0,0,0,0,0,0,0,0,0,0,0,0,0,0,
1/9/2024,MARRS (SOLAR MARRERO),P  ,0,0,0,0,0,0,0,0.12,0.51,1.01,1.55,1.47,0.93,0.48,0.94,0.68,0.05,0.03,0,0,0,0,0,0,0,
1/9/2024,MARRS (SOLAR MARRERO),Q  ,0,0,0,0,0,0,0,0,0,0,0,0,0,0,0,0,0,0,0,0,0,0,0,0,0,
1/9/2024,MARRS (SOLAR MARRERO),VV ,0,0,0,0,0,0,0,0,0,0,0,0,0,0,0,0,0,0,0,0,0,0,0,0,0,
1/9/2024,MARRS (SOLAR MARRERO),AV ,0,0,0,0,0,0,0,0,0,0,0,0,0,0,0,0,0,0,0,0,0,0,0,0,0,
1/9/2024,MARRS (SOLAR MARRERO),IR ,0,0,0,0,0,0,0,0,0,0,0,0,0,0,0,0,0,0,0,0,0,0,0,0,0,
1/9/2024,MARRS (SOLAR MARRERO),TA ,0,0,0,0,0,0,0,0,0,0,0,0,0,0,0,0,0,0,0,0,0,0,0,0,0,
1/9/2024,MARRS (SOLAR MARRERO),TM ,0,0,0,0,0,0,0,0,0,0,0,0,0,0,0,0,0,0,0,0,0,0,0,0,0,
1/9/2024,UCLVS (SOLAR UNIVERSIDAD LAS VILLAS),P  ,0,0,0,0,0,0,0.01,0.03,0.09,0.26,0.31,0.12,0.19,0.1,0.26,0.15,0.04,0.01,0.01,0,0,0,0,0,0,
1/9/2024,UCLVS (SOLAR UNIVERSIDAD LAS VILLAS),Q  ,0,0,0,0,0,0,0,-0.01,-0.02,-0.08,-0.1,-0.03,-0.05,-0.03,-0.08,-0.04,-0.01,0,0,0,0,0,0,0,0,
1/9/2024,UCLVS (SOLAR UNIVERSIDAD LAS VILLAS),VV ,1.1,0,1.8,0,1.8,0,0,1.1,3.4,0,2.6,0,1.8,6.4,4.1,1.1,3.4,0,0,0,0,0,0,0,0,
1/9/2024,UCLVS (SOLAR UNIVERSIDAD LAS VILLAS),AV ,104.1,104,152.8,111.5,84.8,97.1,115.7,147.3,96.4,114.6,95.6,70.5,166.6,167.3,172.3,111.1,158.4,150.3,159.5,197.8,197.7,197.8,197.7,197.7,173.8,
1/9/2024,UCLVS (SOLAR UNIVERSIDAD LAS VILLAS),IR ,0,0,0,0,0,0,0,58.6,249.3,687.5,834.8,310.8,513,262.1,681.4,430.5,80.2,0,0,0,0,0,0,0,0,
1/9/2024,UCLVS (SOLAR UNIVERSIDAD LAS VILLAS),TA ,21.5,21.3,21.6,21.7,21.5,21.7,21.5,22.3,25.1,27.3,29.6,29.8,31.1,29.8,31.4,30.3,27.6,25.6,24.4,23.3,22.2,21.5,21.5,21.7,24.9,
1/9/2024,UCLVS (SOLAR UNIVERSIDAD LAS VILLAS),TM ,20.9,20.6,21,21.1,21,21,21,21.6,25.3,26.8,32,32.1,34.2,31.5,32.6,30.5,27.2,24.9,23.5,21.8,21.3,20.3,20.5,20.8,24,
1/9/2024,GUA2S (PARQUE SOLAR GUASIMAL II),P  ,0,0,0,0,0,0,0,0,0,0,0,0,0,0,0,0,0,0,0,0,0,0,0,0,0,
1/9/2024,GUA2S (PARQUE SOLAR GUASIMAL II),Q  ,0,0,0,0,0,0,0,0,0,0,0,0,0,0,0,0,0,0,0,0,0,0,0,0,0,
1/9/2024,GUA2S (PARQUE SOLAR GUASIMAL II),VV ,0,0,0,0,0,0,0,0,0,0,0,0,0,0,0,0,0,0,0,0,0,0,0,0,0,
1/9/2024,GUA2S (PARQUE SOLAR GUASIMAL II),AV ,0,0,0,0,0,0,0,0,0,0,0,0,0,0,0,0,0,0,0,0,0,0,0,0,0,
1/9/2024,GUA2S (PARQUE SOLAR GUASIMAL II),IR ,0,0,0,0,0,0,0,0,0,0,0,0,0,0,0,0,0,0,0,0,0,0,0,0,0,
1/9/2024,GUA2S (PARQUE SOLAR GUASIMAL II),TA ,0,0,0,0,0,0,0,0,0,0,0,0,0,0,0,0,0,0,0,0,0,0,0,0,0,
1/9/2024,GUA2S (PARQUE SOLAR GUASIMAL II),TM ,0,0,0,0,0,0,0,0,0,0,0,0,0,0,0,0,0,0,0,0,0,0,0,0,0,
1/9/2024,GUASS (PARQUE SOLAR GUASIMAL I),P  ,0,0,0,0,0,0,0,0.5,1.3,2,2.8,3.1,2.3,2.6,1.8,0.8,0.3,0,0,0,0,0,0,0,0,
1/9/2024,GUASS (PARQUE SOLAR GUASIMAL I),Q  ,0,0,0,0,0,0,0,0,-0.1,-0.1,-0.1,-0.1,-0.1,-0.1,-0.1,-0.1,0,0,0,0,0,0,0,0,0,
1/9/2024,GUASS (PARQUE SOLAR GUASIMAL I),VV ,0,0,0,0,0,0,0,0,0,0,0,0,0,0,0,0,0,0,0,0,0,0,0,0,0,
1/9/2024,GUASS (PARQUE SOLAR GUASIMAL I),AV ,2.3,3,2.5,2.6,2.5,2.4,2.3,2.7,2.7,2.7,2.8,3,2.6,2.8,2.7,2.8,2.9,2.8,2.9,2.9,2.7,2.4,2.6,2.8,3,
1/9/2024,GUASS (PARQUE SOLAR GUASIMAL I),IR ,0,0,0,0,0,0,0,0,0,0,0,0,0,0,0,0,0,0,0,0,0,0,0,0,0,
1/9/2024,GUASS (PARQUE SOLAR GUASIMAL I),TA ,0,0,0,0,0,0,0,0,0,0,0,0,0,0,0,0,0,0,0,0,0,0,0,0,0,
1/9/2024,GUASS (PARQUE SOLAR GUASIMAL I),TM ,0,0,0,0,0,0,0,0,0,0,0,0,0,0,0,0,0,0,0,0,0,0,0,0,0,
1/9/2024,MYJ2S (PARQUE SOLAR MAYAJIGUA II),P  ,0,0,0,0,0,0,0,0.2,0.4,0.8,1.3,1.5,1.1,0.9,1.6,0.4,0,0,0,0,0,0,0,0,0,
1/9/2024,MYJ2S (PARQUE SOLAR MAYAJIGUA II),Q  ,0,0,0,0,0,0,0,0,0,0,0,0,0,0,0,0,0,0,0,0,0,0,0,0,0,
1/9/2024,MYJ2S (PARQUE SOLAR MAYAJIGUA II),VV ,0,0,0,0,0,0,0,0,0,0,0,0,0,0,0,0,0,0,0,0,0,0,0,0,0,
1/9/2024,MYJ2S (PARQUE SOLAR MAYAJIGUA II),AV ,0,0,0,0,0,0,0,0,0,0,0,0,0,0,0,0,0,0,0,0,0,0,0,0,0,
1/9/2024,MYJ2S (PARQUE SOLAR MAYAJIGUA II),IR ,0,0,0,0,0,0,0,0,0,0,0,0,0,0,0,0,0,0,0,0,0,0,0,0,0,
1/9/2024,MYJ2S (PARQUE SOLAR MAYAJIGUA II),TA ,0,0,0,0,0,0,0,0,0,0,0,0,0,0,0,0,0,0,0,0,0,0,0,0,0,
1/9/2024,MYJ2S (PARQUE SOLAR MAYAJIGUA II),TM ,0,0,0,0,0,0,0,0,0,0,0,0,0,0,0,0,0,0,0,0,0,0,0,0,0,
1/9/2024,MYJIS (PARQUE SOLAR MAYAJIGUA I),P  ,0,0,0,0,0,0,0,0.2,0.4,0.8,1.3,1.5,1.1,0.9,1.6,0.4,0,0,0,0,0,0,0,0,0,
1/9/2024,MYJIS (PARQUE SOLAR MAYAJIGUA I),Q  ,0,0,0,0,0,0,0,0,0,0,0,0,0,0,0,0,0,0,0,0,0,0,0,0,0,
1/9/2024,MYJIS (PARQUE SOLAR MAYAJIGUA I),VV ,0,0,0,0,0,0,0,0,0,0,0,0,0,0,0,0,0,0,0,0,0,0,0,0,0,
1/9/2024,MYJIS (PARQUE SOLAR MAYAJIGUA I),AV ,0,0,0,0,0,0,0,0,0,0,0,0,0,0,0,0,0,0,0,0,0,0,0,0,0,
1/9/2024,MYJIS (PARQUE SOLAR MAYAJIGUA I),IR ,0,0,0,0,0,0,0,0,0,0,0,0,0,0,0,0,0,0,0,0,0,0,0,0,0,
1/9/2024,MYJIS (PARQUE SOLAR MAYAJIGUA I),TA ,0,0,0,0,0,0,0,0,0,0,0,0,0,0,0,0,0,0,0,0,0,0,0,0,0,
1/9/2024,MYJIS (PARQUE SOLAR MAYAJIGUA I),TM ,0,0,0,0,0,0,0,0,0,0,0,0,0,0,0,0,0,0,0,0,0,0,0,0,0,
1/9/2024,NEIVS (PARQUE SOLAR NEIVA),P  ,0,0,0,0,0,0,0,0.5,1.4,2.8,3,3.3,3.1,21.6,2.4,2.2,0,0,0,0,0,0,0,0,0,
1/9/2024,NEIVS (PARQUE SOLAR NEIVA),Q  ,0,0,0,0,0,0,0,0,0,0,0,0,0,0,0,0,0,0,0,0,0,0,0,0,0,
1/9/2024,NEIVS (PARQUE SOLAR NEIVA),VV ,0,0,0,0,0,0,0,0,0,0,0,0,0,0,0,0,0,0,0,0,0,0,0,0,0,
1/9/2024,NEIVS (PARQUE SOLAR NEIVA),AV ,0,0,0,0,0,0,0,0,0,0,0,0,0,0,0,0,0,0,0,0,0,0,0,0,0,
1/9/2024,NEIVS (PARQUE SOLAR NEIVA),IR ,0,0,0,0,0,0,0,0,0,0,0,0,0,0,0,0,0,0,0,0,0,0,0,0,0,
1/9/2024,NEIVS (PARQUE SOLAR NEIVA),TA ,0,0,0,0,0,0,0,0,0,0,0,0,0,0,0,0,0,0,0,0,0,0,0,0,0,
1/9/2024,NEIVS (PARQUE SOLAR NEIVA),TM ,0,0,0,0,0,0,0,0,0,0,0,0,0,0,0,0,0,0,0,0,0,0,0,0,0,
1/9/2024,SIERS (PARQUE SOLAR LA SIERPE VIEJA),P  ,0,0,0,0,0,0,0,0.1,0.2,0.3,0.3,0.3,0.4,0.5,0.2,0.1,0,0,0,0,0,0,0,0,0,
1/9/2024,SIERS (PARQUE SOLAR LA SIERPE VIEJA),Q  ,0,0,0,0,0,0,0,0,0,0,0,0,0,0,0,0,0,0,0,0,0,0,0,0,0,
1/9/2024,SIERS (PARQUE SOLAR LA SIERPE VIEJA),VV ,0,0,0,0,0,0,0,0,0,0,0,0,0,0,0,0,0,0,0,0,0,0,0,0,0,
1/9/2024,SIERS (PARQUE SOLAR LA SIERPE VIEJA),AV ,0,0,0,0,0,0,0,0,0,0,0,0,0,0,0,0,0,0,0,0,0,0,0,0,0,
1/9/2024,SIERS (PARQUE SOLAR LA SIERPE VIEJA),IR ,0,0,0,0,0,0,0,0,0,0,0,0,0,0,0,0,0,0,0,0,0,0,0,0,0,
1/9/2024,SIERS (PARQUE SOLAR LA SIERPE VIEJA),TA ,0,0,0,0,0,0,0,0,0,0,0,0,0,0,0,0,0,0,0,0,0,0,0,0,0,
1/9/2024,SIERS (PARQUE SOLAR LA SIERPE VIEJA),TM ,0,0,0,0,0,0,0,0,0,0,0,0,0,0,0,0,0,0,0,0,0,0,0,0,0,
1/9/2024,VENES (PARQUE SOLAR VENEGAS),P  ,0,0,0,0,0,0,0,0.1,0.4,0.6,0.9,0.9,1,0.4,0.7,0.2,0,0,0,0,0,0,0,0,0,
1/9/2024,VENES (PARQUE SOLAR VENEGAS),Q  ,0,0,0,0,0,0,0,0,0,0,0,0,0,0,0,0,0,0,0,0,0,0,0,0,0,
1/9/2024,VENES (PARQUE SOLAR VENEGAS),VV ,0,0,0,0,0,0,0,0,0,0,0,0,0,0,0,0,0,0,0,0,0,0,0,0,0,
1/9/2024,VENES (PARQUE SOLAR VENEGAS),AV ,0,0,0,0,0,0,0,0,0,0,0,0,0,0,0,0,0,0,0,0,0,0,0,0,0,
1/9/2024,VENES (PARQUE SOLAR VENEGAS),IR ,0,0,0,0,0,0,0,0,0,0,0,0,0,0,0,0,0,0,0,0,0,0,0,0,0,
1/9/2024,VENES (PARQUE SOLAR VENEGAS),TA ,0,0,0,0,0,0,0,0,0,0,0,0,0,0,0,0,0,0,0,0,0,0,0,0,0,
1/9/2024,VENES (PARQUE SOLAR VENEGAS),TM ,0,0,0,0,0,0,0,0,0,0,0,0,0,0,0,0,0,0,0,0,0,0,0,0,0,
1/9/2024,YGUAS (PARQUE SOLAR YAGUAJAY),P  ,0,0,0,0,0,0,0,0.1,0.4,0.6,0,1.2,1.4,1.3,0.8,0.5,0,0,0,0,0,0,0,0,0,
1/9/2024,YGUAS (PARQUE SOLAR YAGUAJAY),Q  ,0,0,0,0,0,0,0,0,-0.1,-0.1,-0.1,-0.1,-0.1,-0.1,-0.1,-0.1,0,0,0,0,0,0,0,0,0,
1/9/2024,YGUAS (PARQUE SOLAR YAGUAJAY),VV ,0,0,0,0,0,0,0,0,0,0,0,0,0,0,0,0,0,0,0,0,0,0,0,0,0,
1/9/2024,YGUAS (PARQUE SOLAR YAGUAJAY),AV ,0,0,0,0,0,0,0,0,0,0,0,0,0,0,0,0,0,0,0,0,0,0,0,0,0,
1/9/2024,YGUAS (PARQUE SOLAR YAGUAJAY),IR ,0,0,0,0,0,0,0,0,0,0,0,0,0,0,0,0,0,0,0,0,0,0,0,0,0,
1/9/2024,YGUAS (PARQUE SOLAR YAGUAJAY),TA ,0,0,0,0,0,0,0,0,0,0,0,0,0,0,0,0,0,0,0,0,0,0,0,0,0,
1/9/2024,YGUAS (PARQUE SOLAR YAGUAJAY),TM ,0,0,0,0,0,0,0,0,0,0,0,0,0,0,0,0,0,0,0,0,0,0,0,0,0,
1/9/2024,CEBAS (PARQUE SOLAR CEBALLOS),P  ,0,0,0,0,0,0,0.01,0.89,1.49,2.04,2.64,0,2.91,1.38,2.98,1.03,0.29,0,0,0,0,0,0,0,0,
1/9/2024,CEBAS (PARQUE SOLAR CEBALLOS),Q  ,0,0,0,0,0,0,0,0.19,0.38,0.56,0.77,0,0.86,0.35,0.87,0.23,0.04,0,0,0,0,0,0,0,0,
1/9/2024,CEBAS (PARQUE SOLAR CEBALLOS),VV ,0,0,0,0,0,0,0,0,0,0,0,0,0,0,0,0,0,0,0,0,0,0,0,0,0,
1/9/2024,CEBAS (PARQUE SOLAR CEBALLOS),AV ,0,0,0,0,0,0,0,0,0,0,0,0,0,0,0,0,0,0,0,0,0,0,0,0,0,
1/9/2024,CEBAS (PARQUE SOLAR CEBALLOS),IR ,0,0,0,0,0,0,0,0,0,0,0,0,0,0,0,0,0,0,0,0,0,0,0,0,0,
1/9/2024,CEBAS (PARQUE SOLAR CEBALLOS),TA ,0,0,0,0,0,0,0,0,0,0,0,0,0,0,0,0,0,0,0,0,0,0,0,0,0,
1/9/2024,CEBAS (PARQUE SOLAR CEBALLOS),TM ,0,0,0,0,0,0,0,0,0,0,0,0,0,0,0,0,0,0,0,0,0,0,0,0,0,
1/9/2024,CHAMS (PARQUE SOLAR CHAMBAS),P  ,0,0,0,0,0,0,0,0.35,1.56,2.57,2.81,3.45,1.21,1.79,1.97,1.13,0.3,0,0,0,0,0,0,0,0,
1/9/2024,CHAMS (PARQUE SOLAR CHAMBAS),Q  ,0,0,0,0,0,0,0,0.01,-0.05,-0.11,-0.13,-0.2,-0.03,-0.06,-0.06,-0.02,0.03,0,0,0,0,0,0,0,0,
1/9/2024,CHAMS (PARQUE SOLAR CHAMBAS),VV ,0,0,0,0,0,0,0,0,0,0,0,0,0,0,0,0,0,0,0,0,0,0,0,0,0,
1/9/2024,CHAMS (PARQUE SOLAR CHAMBAS),AV ,0,0,0,0,0,0,0,0,0,0,0,0,0,0,0,0,0,0,0,0,0,0,0,0,0,
1/9/2024,CHAMS (PARQUE SOLAR CHAMBAS),IR ,0,0,0,0,0,0,0,0,0,0,0,0,0,0,0,0,0,0,0,0,0,0,0,0,0,
1/9/2024,CHAMS (PARQUE SOLAR CHAMBAS),TA ,0,0,0,0,0,0,0,0,0,0,0,0,0,0,0,0,0,0,0,0,0,0,0,0,0,
1/9/2024,CHAMS (PARQUE SOLAR CHAMBAS),TM ,0,0,0,0,0,0,0,0,0,0,0,0,0,0,0,0,0,0,0,0,0,0,0,0,0,
1/9/2024,TURIE (PARQUE EOLICO TURIGUANO),P  ,0,0,0,0,0,0,0,0,0,0,0,0,0,0,0,0,0,0,0,0,0,0,0,0,0,
1/9/2024,TURIE (PARQUE EOLICO TURIGUANO),Q  ,0,0,0,0,0,0,0,0,0,0,0,0,0,0,0,0,0,0,0,0,0,0,0,0,0,
1/9/2024,TURIE (PARQUE EOLICO TURIGUANO),VV ,0,0,0,0,0,0,0,0,0,0,0,0,0,0,0,0,0,0,0,0,0,0,0,0,0,
1/9/2024,TURIE (PARQUE EOLICO TURIGUANO),AV ,0,0,0,0,0,0,0,0,0,0,0,0,0,0,0,0,0,0,0,0,0,0,0,0,0,
1/9/2024,VENZS (PARQUE SOLAR VENEZUELA),P  ,0,0,0,0,0,0,0,0.18,0.83,1.29,1.39,0,1.39,1.2,0.42,0.67,0.14,0,0.01,0,0,0,0,0,0,
1/9/2024,VENZS (PARQUE SOLAR VENEZUELA),Q  ,0,0,0,0,0,0,0,0,0.01,0.04,0.05,0,0.05,0.04,0.01,0.01,0,0,0,0,0,0,0,0,0,
1/9/2024,VENZS (PARQUE SOLAR VENEZUELA),VV ,2.6,1.1,0,0,0,0,0,1.8,3.4,2.6,1.8,0,2.6,3.4,1.8,4.1,1.8,1.8,1.1,0,0,1.1,0,0,0,
1/9/2024,VENZS (PARQUE SOLAR VENEZUELA),AV ,83.4,75.9,80.1,69.8,61.9,65.5,63.2,103.2,109.4,97,143.5,0,186.7,160.5,207.7,184.9,202.6,198.6,204.1,198,198.1,198.1,318.3,318.6,0,
1/9/2024,VENZS (PARQUE SOLAR VENEZUELA),IR ,0,0,0,0,0,0,0,260.3,462.1,640.4,730.8,0,781.5,634.7,199,357.1,151,0,0,0,0,0,0,0,0,
1/9/2024,VENZS (PARQUE SOLAR VENEZUELA),TA ,21.8,21.5,20.1,19.5,19.6,18.6,18.9,22.7,25.2,28,30.7,0,31.8,31,30.5,29.8,28.5,25.5,24.5,23.4,21.7,21.5,22.2,21.9,0,
1/9/2024,VENZS (PARQUE SOLAR VENEZUELA),TM ,20.7,20.4,18.5,17.3,18.1,17.1,17.1,22.6,32.5,38.3,41.8,0,50.6,46.2,38.6,34.6,31,24.2,22.7,21.3,20.1,20,21.7,21.1,0,
1/9/2024,13AGS (PARQUE SOLAR 13 AGOSTO),P  ,0,0,0,0,0,0,0,0,0,0,0,0,0,0,0,0,0,0,0,0,0,0,0,0,0,
1/9/2024,13AGS (PARQUE SOLAR 13 AGOSTO),Q  ,0,0,0,0,0,0,0,0,0,0,0,0,0,0,0,0,0,0,0,0,0,0,0,0,0,
1/9/2024,13AGS (PARQUE SOLAR 13 AGOSTO),VV ,0,0,0,0,0,0,0,0,0,0,0,0,0,0,0,0,0,0,0,0,0,0,0,0,0,
1/9/2024,13AGS (PARQUE SOLAR 13 AGOSTO),AV ,0,0,0,0,0,0,0,0,0,0,0,0,0,0,0,0,0,0,0,0,0,0,0,0,0,
1/9/2024,13AGS (PARQUE SOLAR 13 AGOSTO),IR ,0,0,0,0,0,0,0,0,0,0,0,0,0,0,0,0,0,0,0,0,0,0,0,0,0,
1/9/2024,13AGS (PARQUE SOLAR 13 AGOSTO),TA ,0,0,0,0,0,0,0,0,0,0,0,0,0,0,0,0,0,0,0,0,0,0,0,0,0,
1/9/2024,13AGS (PARQUE SOLAR 13 AGOSTO),TM ,0,0,0,0,0,0,0,0,0,0,0,0,0,0,0,0,0,0,0,0,0,0,0,0,0,
1/9/2024,API2S (PARQUE SOLAR ANTONIO PIAS II),P  ,0,0,0,0,0,0,0,0.29,0.91,0.69,1.52,1.38,1.57,0.96,1.14,0.35,0.15,0,0,0,0,0,0,0,0,
1/9/2024,API2S (PARQUE SOLAR ANTONIO PIAS II),Q  ,0,0,0,0,0,0,0,0.01,-0.04,-0.04,-0.09,-0.08,-0.1,-0.05,-0.07,-0.01,-0.01,0,0,0,0,0,0,0,0,
1/9/2024,API2S (PARQUE SOLAR ANTONIO PIAS II),VV ,0,0,0,0,0,0,0,0,0,0,0,0,0,0,0,0,0,0,0,0,0,0,0,0,0,
1/9/2024,API2S (PARQUE SOLAR ANTONIO PIAS II),AV ,0,0,0,0,0,0,0,0,0,0,0,0,0,0,0,0,0,0,0,0,0,0,0,0,0,
1/9/2024,API2S (PARQUE SOLAR ANTONIO PIAS II),IR ,0,0,0,0,0,0,21.1,232,534.5,587,712,632.5,913.1,875.9,296.3,359,106.7,0,0,0,0,0,0,0,0,
1/9/2024,API2S (PARQUE SOLAR ANTONIO PIAS II),TA ,0,0,0,0,0,0,0,0,0,0,0,0,0,0,0,0,0,0,0,0,0,0,0,0,0,
1/9/2024,API2S (PARQUE SOLAR ANTONIO PIAS II),TM ,0,0,0,0,0,0,0,0,0,0,0,0,0,0,0,0,0,0,0,0,0,0,0,0,0,
1/9/2024,GUAIS (PARQUE SOLAR GUAIMARO),P  ,0,0,0,0,0,0,0.02,0.12,0.49,0.69,0.75,0.85,0.84,0.37,0.49,0.2,0,0,0,0,0,0,0,0,0,
1/9/2024,GUAIS (PARQUE SOLAR GUAIMARO),Q  ,0,0,0,0,0,0,0,0,0.02,0.03,0.04,0.05,0.04,0.03,0.02,0.01,0,0,0,0,0,0,0,0,0,
1/9/2024,GUAIS (PARQUE SOLAR GUAIMARO),VV ,0,0,0,0,0,0,0,0,0,0,0,0,0,0,0,0,0,0,0,0,0,0,0,0,0,
1/9/2024,GUAIS (PARQUE SOLAR GUAIMARO),AV ,0,0,0,0,0,0,0,0,0,0,0,0,0,0,0,0,0,0,0,0,0,0,0,0,0,
1/9/2024,GUAIS (PARQUE SOLAR GUAIMARO),IR ,0,0,0,0,0,0,21.1,232,534.5,587,0,632.5,913.1,875.9,296.3,359,0,0,0,0,0,0,0,0,0,
1/9/2024,GUAIS (PARQUE SOLAR GUAIMARO),TA ,0,0,0,0,0,0,0,0,0,0,0,0,0,0,0,0,0,0,0,0,0,0,0,0,0,
1/9/2024,GUAIS (PARQUE SOLAR GUAIMARO),TM ,0,0,0,0,0,0,0,0,0,0,0,0,0,0,0,0,0,0,0,0,0,0,0,0,0,
1/9/2024,IMIAS (PARQUE SOLAR IMIAS),P  ,0,0,0,0,0,0,0.01,0.45,0.94,1,1.44,1.77,1.71,1.64,0.61,0.29,0,0,0,0,0,0,0,0,0,
1/9/2024,IMIAS (PARQUE SOLAR IMIAS),Q  ,0,0,0,0,0,0,0,0.11,0.26,0.32,0.24,0.56,0.54,0.51,0.15,0.08,0,0,0,0,0,0,0,0,0,
1/9/2024,IMIAS (PARQUE SOLAR IMIAS),VV ,0,0,0,0,0,0,0,0,3.4,4.9,4.1,2.6,3.4,3.4,1.1,0,0,0,0,0,0,0,0,0,0,
1/9/2024,IMIAS (PARQUE SOLAR IMIAS),AV ,0,0,0,0,0,0,0,0,0,0,0,0,0,0,0,0,0,0,0,0,0,0,0,0,0,
1/9/2024,IMIAS (PARQUE SOLAR IMIAS),IR ,0,0,0,0,0,0,0,206.4,450,553.4,712,820.3,851.3,783.2,261.4,125.1,0,0,0,0,0,0,0,0,0,
1/9/2024,IMIAS (PARQUE SOLAR IMIAS),TA ,0,0,0,0,0,0,19.7,27,26.8,27.9,31.6,30.5,31.1,31.3,31,29.8,0,0,0,0,0,0,0,0,0,
1/9/2024,IMIAS (PARQUE SOLAR IMIAS),TM ,0,0,0,0,0,0,18.6,23.9,31.2,37,45.6,42.4,48.2,45.1,38.3,33.8,0,0,0,0,0,0,0,0,0,
1/9/2024,LUGAS (PARQUE SOLAR LUGAREÑO),P  ,0,0,0,0,0,0,0.02,0.32,1.04,1.3,0,1.28,1.68,1.66,0.63,0.53,0.11,0,0,0,0,0,0,0,0,
1/9/2024,LUGAS (PARQUE SOLAR LUGAREÑO),Q  ,0,0,0,0,0,0,0.01,0.01,0.02,0.04,0,0.04,0.07,0.07,0.01,0.01,0.83,0,0,0,0,0,0,0,0,
1/9/2024,LUGAS (PARQUE SOLAR LUGAREÑO),VV ,0,0,0,0,0,0,0,0,2.6,4.1,0,3.4,2.6,4.1,1.8,1.1,2.6,0,0,0,0,0,0,0,0,
1/9/2024,LUGAS (PARQUE SOLAR LUGAREÑO),AV ,0,0,0,0,0,0,0,0,0,0,0,0,0,0,0,0,0,0,0,0,0,0,0,0,0,
1/9/2024,LUGAS (PARQUE SOLAR LUGAREÑO),IR ,0,0,0,0,0,0,21.1,232,534.5,587,0,632.5,913.1,875.9,296.3,359,106.7,0,0,0,0,0,0,0,0,
1/9/2024,LUGAS (PARQUE SOLAR LUGAREÑO),TA ,0,0,0,0,0,0,18.3,23.8,27.6,29.1,0,30.5,31.5,32.6,31.1,31.3,28.4,0,0,0,0,0,0,0,0,
1/9/2024,LUGAS (PARQUE SOLAR LUGAREÑO),TM ,0,0,0,0,0,0,0,0,0,0,0,0,0,0,0,0,0,0,0,0,0,0,0,0,0,
1/9/2024,PMECS (PARQUE SOLAR ANTONIO PIAS I),P  ,0,0,0,0,0,0,0.03,0.64,1.09,1.31,1.63,1.68,1.81,0.65,1.53,0.74,0.13,0,0,0,0,0,0,0,0,
1/9/2024,PMECS (PARQUE SOLAR ANTONIO PIAS I),Q  ,0,0,0,0,0,0,0,0.01,-0.04,-0.04,-0.09,-0.08,-0.1,-0.05,-0.07,-0.01,0,0,0,0,0,0,0,0,0,
1/9/2024,PMECS (PARQUE SOLAR ANTONIO PIAS I),VV ,3.1,0,0,0,0,2.1,2.3,4.2,4.5,6.4,4.1,5.2,4,2.5,5.4,3.6,2.3,1.8,1.3,1.1,0.7,0.9,1.3,0.3,1.2,
1/9/2024,PMECS (PARQUE SOLAR ANTONIO PIAS I),AV ,241.7,0,0,0,0,260.5,258.6,270.6,241.8,245.1,273.9,289.9,258.8,324.9,292.3,342.6,297.5,310,288.5,298.1,302.4,309.8,276.6,282.9,341.1,
1/9/2024,PMECS (PARQUE SOLAR ANTONIO PIAS I),IR ,0,0,0,0,0,0,21.1,232,534.5,587,712,632.5,913.1,875.9,296.3,359,106.7,0,0,0,0,0,0,0,0,
1/9/2024,PMECS (PARQUE SOLAR ANTONIO PIAS I),TA ,22.6,0,0,0,0,22,22,23.5,25.2,27,27.8,29.1,30.4,30.5,30.5,30.6,28.9,26.8,25.1,24.3,23.7,23.1,23.1,23.4,26.2,
1/9/2024,PMECS (PARQUE SOLAR ANTONIO PIAS I),TM ,0,0,0,0,0,0,0,0,0,0,0,0,0,0,0,0,0,0,0,0,0,0,0,0,0,
1/9/2024,MANAS (PARQUE SOLAR MANATI I),P  ,0,0,0,0,0,0,0.04,0.39,1.04,1.34,1.56,1.67,1.72,1.53,0.49,0.5,0.08,0,0,0,0,0,0,0,0,
1/9/2024,MANAS (PARQUE SOLAR MANATI I),Q  ,0,0,0,0,0,0,0.01,0.1,0.23,0.29,0.32,0.34,0.34,0.32,0.12,0.12,0.02,0,0,0,0,0,0,0,0,
1/9/2024,MANAS (PARQUE SOLAR MANATI I),VV ,1.1,0,0,0,0,0,0,0,0,4.9,1.8,1.1,2.6,1.8,1.1,2.6,0,0,0,0,1.8,0,0,0,0,
1/9/2024,MANAS (PARQUE SOLAR MANATI I),AV ,79.9,83.9,101.5,126.6,118.7,128.2,128.1,84.5,116,91.3,60.4,98.6,109.1,203.8,134.6,150.3,143.3,68.9,68.2,68.1,91.5,125.5,125.5,125.2,68.1,
1/9/2024,MANAS (PARQUE SOLAR MANATI I),IR ,0,0,0,0,0,0,9.2,247.2,527.3,639.8,748.9,857.9,875.4,761.8,256.5,245.4,38.5,0,0,0,0,0,0,0,0,
1/9/2024,MANAS (PARQUE SOLAR MANATI I),TA ,22.4,21.8,21,20.8,20.7,19.6,19.5,22.6,26.3,29,31.3,30.7,31.6,33.8,32.9,32.5,30.1,26,23.6,22.3,21.9,21.3,20.8,19.4,24.8,
1/9/2024,MANAS (PARQUE SOLAR MANATI I),TM ,0,0,0,0,0,0,0,0,0,0,42.5,0,47.3,47,0,0,0,0,0,0,0,0,0,0,0,
1/9/2024,MAT2S (PARQUE SOLAR MANATI II),P  ,0,0,0,0,0,0,0.04,0.52,1.07,1.42,1.59,1.7,1.75,1.56,0.36,0.53,0.08,0.01,0,0,0,0,0,0,0,
1/9/2024,MAT2S (PARQUE SOLAR MANATI II),Q  ,0,0,0,0,0,0,0,0.01,0.03,0.05,0.06,0.07,0.08,0.06,0.01,0.01,0,0,0,0,0,0,0,0,0,
1/9/2024,MAT2S (PARQUE SOLAR MANATI II),VV ,0,0,0,0,1.1,0,0,0,2.6,4.1,4.9,2.6,3.4,2.6,1.8,2.6,0,0,0,0,1.8,0,0,0,0,
1/9/2024,MAT2S (PARQUE SOLAR MANATI II),AV ,87.1,110.5,112.4,112.4,115.2,115.5,63.6,108.4,112.6,99.5,114.4,124.8,128.5,158.8,139.3,140.6,124.7,76.4,76.1,75.7,76.6,96,96.1,95.2,75.7,
1/9/2024,MAT2S (PARQUE SOLAR MANATI II),IR ,0,0,0,0,0,0,9.2,247.2,527.3,639.8,748.9,857.9,875.4,761.8,256.5,245.4,38.5,0,0,0,0,0,0,0,0,
1/9/2024,MAT2S (PARQUE SOLAR MANATI II),TA ,22.9,22,21.5,20.6,20.8,20.1,19.8,24.8,26.6,28.5,30.3,30.6,31.1,32.5,32.3,31.3,29,25.7,24,22.8,22,21.6,20.5,19.6,24.8,
1/9/2024,MAT2S (PARQUE SOLAR MANATI II),TM ,20.6,20,19.3,18.8,19.4,18.3,18.6,24,35.1,38.4,44.2,50.1,49.5,47.6,43.8,35.8,29.6,24,22.5,20.8,20.5,19.3,18.6,18.4,22.8,
1/9/2024,PAR1S (PARQUE SOLAR PARADA 1),P  ,0,0,0,0,0,0,0.06,0.67,0.99,1.24,1.34,1.58,0.97,0.64,1.14,0.48,0,0,0,0,0,0,0,0,0,
1/9/2024,PAR1S (PARQUE SOLAR PARADA 1),Q  ,0,0,0,0,0,0,0,0.07,0.25,0.32,0.3,0.36,0.16,0.23,0.25,0.16,0,0,0,0,0,0,0,0,0,
1/9/2024,PAR1S (PARQUE SOLAR PARADA 1),VV ,0,0,0,0,0,0,0,0,0,0,0,0,0,0,0,0,0,0,0,0,0,0,0,0,0,
1/9/2024,PAR1S (PARQUE SOLAR PARADA 1),AV ,0,0,0,0,0,0,0,0,0,0,0,0,0,0,0,0,0,0,0,0,0,0,0,0,0,
1/9/2024,PAR1S (PARQUE SOLAR PARADA 1),IR ,0,0,0,0,0,0,0,0,0,0,0,0,0,0,0,0,0,0,0,0,0,0,0,0,0,
1/9/2024,PAR1S (PARQUE SOLAR PARADA 1),TA ,0,0,0,0,0,0,0,0,0,0,0,0,0,0,0,0,0,0,0,0,0,0,0,0,0,
1/9/2024,PAR1S (PARQUE SOLAR PARADA 1),TM ,0,0,0,0,0,0,0,0,0,0,0,0,0,0,0,0,0,0,0,0,0,0,0,0,0,
1/9/2024,PAR2S (PARQUE SOLAR PARADA 2),P  ,0,0,0,0,0,0,0.04,0.68,1.72,1.57,2.69,1.57,1.81,1.45,2.06,1.23,0,0,0,0,0,0,0,0,0,
1/9/2024,PAR2S (PARQUE SOLAR PARADA 2),Q  ,0,0,0,0,0,0,0.01,0.17,0.4,0.53,0.53,0.59,0.25,0.33,0.44,0.32,0,0,0,0,0,0,0,0,0,
1/9/2024,PAR2S (PARQUE SOLAR PARADA 2),VV ,0,0,0,0,0,0,0,0,0,0,0,0,0,0,0,0,0,0,0,0,0,0,0,0,0,
1/9/2024,PAR2S (PARQUE SOLAR PARADA 2),AV ,0,0,0,0,0,0,0,0,0,0,0,0,0,0,0,0,0,0,0,0,0,0,0,0,0,
1/9/2024,PAR2S (PARQUE SOLAR PARADA 2),IR ,0,0,0,0,0,0,0,0,0,0,0,0,0,0,0,0,0,0,0,0,0,0,0,0,0,
1/9/2024,PAR2S (PARQUE SOLAR PARADA 2),TA ,0,0,0,0,0,0,0,0,0,0,0,0,0,0,0,0,0,0,0,0,0,0,0,0,0,
1/9/2024,PAR2S (PARQUE SOLAR PARADA 2),TM ,0,0,0,0,0,0,0,0,0,0,0,0,0,0,0,0,0,0,0,0,0,0,0,0,0,
1/9/2024,GIB2E (PARQUE EOLICO GIBARA II),P  ,1.73,1.28,0.54,0.53,0.63,1.63,1.21,1.01,0.35,0.38,0,0,0.41,0.97,1.3,0.96,0.66,0.45,0.07,0,0.03,0.01,0,0,0.28,
1/9/2024,GIB2E (PARQUE EOLICO GIBARA II),Q  ,0,0,0,0,0,0,0,0,0,0,0,0,0,0,0,0,0,0,0,0,0,0,0,0,0,
1/9/2024,GIB2E (PARQUE EOLICO GIBARA II),VV ,11.8,11,11.2,10.5,10,11.2,10,9.1,7.6,6.3,7.8,7.9,6.9,9.6,9.7,10,9.8,6.6,6.7,4.9,5,3.9,2,1.8,6.6,
1/9/2024,GIB2E (PARQUE EOLICO GIBARA II),AV ,0,0,0,0,0,0,0,0,0,0,0,0,0,0,0,0,0,0,0,0,0,0,0,0,0,
1/9/2024,GIBAE (PARQUE EOLICO GIBARA I),P  ,0,0,0,0,0,0,0,0,0,0,0,0,0,0,0,0,0,0,0,0,0,0,0,0,0,
1/9/2024,GIBAE (PARQUE EOLICO GIBARA I),Q  ,0,0,0,0,0,0,0,0,0,0,0,0,0,0,0,0,0,0,0,0,0,0,0,0,0,
1/9/2024,GIBAE (PARQUE EOLICO GIBARA I),VV ,12,11.9,11.6,10.9,10.7,11.5,10.2,8.8,7.9,6.7,7.7,7,6.8,9.2,9.6,9.9,9.7,6,6.1,5.2,5.1,4.8,1.9,2.2,6,
1/9/2024,GIBAE (PARQUE EOLICO GIBARA I),AV ,0,0,0,0,0,0,0,0,0,0,0,0,0,0,0,0,0,0,0,0,0,0,0,0,0,
1/9/2024,YUR1S (PARQUE SOLAR YURAGUANAL 1),P  ,0,0,0,0,0,0,0.07,0.37,0.29,1.57,1.45,1.52,1.51,0.69,1.2,0.55,0.1,0,0,0,0,0,0,0,0,
1/9/2024,YUR1S (PARQUE SOLAR YURAGUANAL 1),Q  ,0,0,0,0,0,0,0,0,0,0.01,0.04,0.01,0.01,0.01,0.04,0.01,0,0,0,0,0,0,0,0,0,
1/9/2024,YUR1S (PARQUE SOLAR YURAGUANAL 1),VV ,0,0,0,0,0,0,0,0,0,0,0,0,0,0,0,0,0,0,0,0,0,0,0,0,0,
1/9/2024,YUR1S (PARQUE SOLAR YURAGUANAL 1),AV ,0,0,0,0,0,0,0,0,0,0,0,0,0,0,0,0,0,0,0,0,0,0,0,0,0,
1/9/2024,YUR1S (PARQUE SOLAR YURAGUANAL 1),IR ,0,0,0,0,0,0,0,0,0,0,0,0,0,0,0,0,0,0,0,0,0,0,0,0,0,
1/9/2024,YUR1S (PARQUE SOLAR YURAGUANAL 1),TA ,0,0,0,0,0,0,0,0,0,0,0,0,0,0,0,0,0,0,0,0,0,0,0,0,0,
1/9/2024,YUR1S (PARQUE SOLAR YURAGUANAL 1),TM ,0,0,0,0,0,0,0,0,0,0,0,0,0,0,0,0,0,0,0,0,0,0,0,0,0,
1/9/2024,YUR2S (PARQUE SOLAR YURAGUANAL 2),P  ,0,0,0,0,0,0,0.04,0.29,0.2,1.62,1.46,1.54,1.51,1.43,1.17,0.57,0.11,0,0.01,0,0,0,0,0,0,
1/9/2024,YUR2S (PARQUE SOLAR YURAGUANAL 2),Q  ,0,0,0,0,0,0,0,0,0,0.01,0.05,0.71,0.07,0.1,0.04,0.01,0,0,0,0,0,0,0,0,0,
1/9/2024,YUR2S (PARQUE SOLAR YURAGUANAL 2),VV ,2.6,1.8,1.8,1.1,0,0,1.9,3,3.4,3.4,4.9,1.9,4.1,1.8,2,3.4,3.3,1.1,2.6,0,0,1.1,0,0,1.1,
1/9/2024,YUR2S (PARQUE SOLAR YURAGUANAL 2),AV ,71.2,78.9,90,64.4,0,0,0,0,0,0,0,0,0,0,0,0,0,105.2,124.3,113.9,113.1,113,129.9,126.4,101.6,
1/9/2024,YUR2S (PARQUE SOLAR YURAGUANAL 2),IR ,0,0,0,0,0,0,20.3,137.1,116.8,784.2,875.7,789.5,792.1,641.5,652.1,326.4,65.3,0,0,0,0,0,0,0,0,
1/9/2024,YUR2S (PARQUE SOLAR YURAGUANAL 2),TA ,24.8,24.1,24,24.7,0,0,24.5,25.9,27.1,30,31,30.7,30.6,31.6,30.1,29.9,26.9,26.1,25.5,24.1,23.1,22.1,22.3,21.9,25.9,
1/9/2024,YUR2S (PARQUE SOLAR YURAGUANAL 2),TM ,22.8,22.6,22.1,22.9,0,0,22.4,27.2,31,40,45.1,46.8,49.2,47.2,40.6,35.1,27,25.1,24.3,21.6,21,20.5,19.8,20,24.9,
1/9/2024,JIGUS (PARQUE SOLAR JIGUANI DESARROLL),P  ,0,0,0,0,0,0,0.06,0.5,1.78,2.42,2.53,0.99,1.45,1.82,2.96,1.03,0.2,0,0,0,0,0,0,0,0,
1/9/2024,JIGUS (PARQUE SOLAR JIGUANI DESARROLL),Q  ,0,0,0,0,0,0,0,0,0,0,0,0,0,0,0,0,0,0,0,0,0,0,0,0,0,
1/9/2024,JIGUS (PARQUE SOLAR JIGUANI DESARROLL),VV ,0,0,0,0,0,0,0,0,0,0,0,0,0,0,0,0,0,0,0,0,0,0,0,0,0,
1/9/2024,JIGUS (PARQUE SOLAR JIGUANI DESARROLL),AV ,0,0,0,0,0,0,0,0,0,0,0,0,0,0,0,0,0,0,0,0,0,0,0,0,0,
1/9/2024,JIGUS (PARQUE SOLAR JIGUANI DESARROLL),IR ,0,0,0,0,0,0,0,0,0,0,0,0,0,0,0,0,0,0,0,0,0,0,0,0,0,
1/9/2024,JIGUS (PARQUE SOLAR JIGUANI DESARROLL),TA ,0,0,0,0,0,0,0,0,0,0,0,0,0,0,0,0,0,0,0,0,0,0,0,0,0,
1/9/2024,JIGUS (PARQUE SOLAR JIGUANI DESARROLL),TM ,0,0,0,0,0,0,0,0,0,0,0,0,0,0,0,0,0,0,0,0,0,0,0,0,0,
1/9/2024,MARTS (PARQUE SOLAR MART. DE ARTEMISA),P  ,0,0,0,0,0,0,0.13,0.79,2.03,2.66,2.9,1.31,1.94,2.65,2.21,1.76,0.21,0,0,0,0,0,0,0,0,
1/9/2024,MARTS (PARQUE SOLAR MART. DE ARTEMISA),Q  ,0,0,0,0,0,0,0,0,0,0,0,0,0,0,0,0,0,0,0,0,0,0,0,0,0,
1/9/2024,MARTS (PARQUE SOLAR MART. DE ARTEMISA),VV ,0,0,0,0,0,0,0,0,0,0,0,0,0,0,0,0,0,0,0,0,0,0,0,0,0,
1/9/2024,MARTS (PARQUE SOLAR MART. DE ARTEMISA),AV ,0,0,0,0,0,0,0,0,0,0,0,0,0,0,0,0,0,0,0,0,0,0,0,0,0,
1/9/2024,MARTS (PARQUE SOLAR MART. DE ARTEMISA),IR ,0,0,0,0,0,0,0,0,0,0,0,0,0,0,0,0,0,0,0,0,0,0,0,0,0,
1/9/2024,MARTS (PARQUE SOLAR MART. DE ARTEMISA),TA ,0,0,0,0,0,0,0,0,0,0,0,0,0,0,0,0,0,0,0,0,0,0,0,0,0,
1/9/2024,MARTS (PARQUE SOLAR MART. DE ARTEMISA),TM ,0,0,0,0,0,0,0,0,0,0,0,0,0,0,0,0,0,0,0,0,0,0,0,0,0,
1/9/2024,PAYAS (PARQUE SOLAR PAYARES),P  ,0,0,0,0,0,0,0.02,0.19,0.57,2.53,3.66,3.63,2.52,2.25,2.46,1.65,0.23,0,0,0,0,0,0,0,0,
1/9/2024,PAYAS (PARQUE SOLAR PAYARES),Q  ,0,0,0,0,0,0,0,0,0,0,0,0,0,0,0,0,0,0,0,0,0,0,0,0,0,
1/9/2024,PAYAS (PARQUE SOLAR PAYARES),VV ,0,0,0,0,0,0,0,0,0,0,0,0,0,0,0,0,0,0,0,0,0,0,0,0,0,
1/9/2024,PAYAS (PARQUE SOLAR PAYARES),AV ,0,0,0,0,0,0,0,0,0,0,0,0,0,0,0,0,0,0,0,0,0,0,0,0,0,
1/9/2024,PAYAS (PARQUE SOLAR PAYARES),IR ,0,0,0,0,0,0,0,0,0,0,0,0,0,0,0,0,0,0,0,0,0,0,0,0,0,
1/9/2024,PAYAS (PARQUE SOLAR PAYARES),TA ,0,0,0,0,0,0,0,0,0,0,0,0,0,0,0,0,0,0,0,0,0,0,0,0,0,
1/9/2024,PAYAS (PARQUE SOLAR PAYARES),TM ,0,0,0,0,0,0,0,0,0,0,0,0,0,0,0,0,0,0,0,0,0,0,0,0,0,
1/9/2024,SIBOS (PARQUE SOLAR SIBONEY),P  ,0,0,0,0,0,0,0.02,0.19,0.45,0.25,0.91,0,0.7,0.75,0.61,0.4,0.06,0,0,0,0,0,0,0,0,
1/9/2024,SIBOS (PARQUE SOLAR SIBONEY),Q  ,0,0,0,0,0,0,0,0,0,0,-0.01,0,0,0,0,0,0,0,0,0,0,0,0,0,0,
1/9/2024,SIBOS (PARQUE SOLAR SIBONEY),VV ,0,0,0,0,0,0,0,1.1,1.1,1.8,2.6,0,3.4,1.8,1.1,1.1,1.1,0,0,0,0,0,0,1.1,0,
1/9/2024,SIBOS (PARQUE SOLAR SIBONEY),AV ,0,0,0,0,0,0,25.5,119.1,39.2,117.1,65,0,69.1,138.8,113.9,123.5,123.2,50.8,129.3,104.2,152.5,130.9,125.5,107.2,117.5,
1/9/2024,SIBOS (PARQUE SOLAR SIBONEY),IR ,0,0,0,0,0,0,11.6,188.2,445.8,411.5,965.5,0,715.9,750.3,603.1,410.3,63.5,0,0,0,0,0,0,0,0,
1/9/2024,SIBOS (PARQUE SOLAR SIBONEY),TA ,0,0,0,0,0,0,0,0,0,0,0,0,0,0,0,0,0,0,0,0,0,0,0,0,0,
1/9/2024,SIBOS (PARQUE SOLAR SIBONEY),TM ,0,0,0,0,0,0,17.8,24.3,36.6,42.3,42.2,0,49.5,48.8,43.7,37.8,29.2,23.6,21.7,20.9,20.6,19.2,18.9,19.6,22.6,
1/9/2024,YAR2S (PARQUE SOLAR YAREY 2),P  ,0,0,0,0,0,0,0.04,0.26,0.62,1.06,1.33,0.52,0.43,1.22,0.48,0.2,0.05,0,0,0,0,0,0,0,0,
1/9/2024,YAR2S (PARQUE SOLAR YAREY 2),Q  ,0,0,0,0,0,0,0,0,0,0,0,0,0,0,0,0,0,0,0,0,0,0,0,0,0,
1/9/2024,YAR2S (PARQUE SOLAR YAREY 2),VV ,0,0,0,0,0,0,0,0,0,0,0,0,0,0,0,0,0,0,0,0,0,0,0,0,0,
1/9/2024,YAR2S (PARQUE SOLAR YAREY 2),AV ,0,0,0,0,0,0,0,0,0,0,0,0,0,0,0,0,0,0,0,0,0,0,0,0,0,
1/9/2024,YAR2S (PARQUE SOLAR YAREY 2),IR ,0,0,0,0,0,0,0,0,0,0,0,0,0,0,0,0,0,0,0,0,0,0,0,0,0,
1/9/2024,YAR2S (PARQUE SOLAR YAREY 2),TA ,0,0,0,0,0,0,0,0,0,0,0,0,0,0,0,0,0,0,0,0,0,0,0,0,0,
1/9/2024,YAR2S (PARQUE SOLAR YAREY 2),TM ,0,0,0,0,0,0,0,0,0,0,0,0,0,0,0,0,0,0,0,0,0,0,0,0,0,
1/9/2024,YARES (PARQUE SOLAR EL YAREY),P  ,0,0,0,0,0,0,0.06,0.16,0.73,0.85,0.74,0.56,0.11,1.31,0.2,0.08,0.05,0,0,0,0,0,0,0,0,
1/9/2024,YARES (PARQUE SOLAR EL YAREY),Q  ,0,0,0,0,0,0,0,0,0,0,0,0,0,0,0,0,0,0,0,0,0,0,0,0,0,
1/9/2024,YARES (PARQUE SOLAR EL YAREY),VV ,0,0,0,0,0,0,0,0,0,0,0,0,0,0,0,0,0,0,0,0,0,0,0,0,0,
1/9/2024,YARES (PARQUE SOLAR EL YAREY),AV ,0,0,0,0,0,0,0,0,0,0,0,0,0,0,0,0,0,0,0,0,0,0,0,0,0,
1/9/2024,YARES (PARQUE SOLAR EL YAREY),IR ,0,0,0,0,0,0,0,0,0,0,0,0,0,0,0,0,0,0,0,0,0,0,0,0,0,
1/9/2024,YARES (PARQUE SOLAR EL YAREY),TA ,0,0,0,0,0,0,0,0,0,0,0,0,0,0,0,0,0,0,0,0,0,0,0,0,0,
1/9/2024,YARES (PARQUE SOLAR EL YAREY),TM ,0,0,0,0,0,0,0,0,0,0,0,0,0,0,0,0,0,0,0,0,0,0,0,0,0,
1/9/2024,CIESS (PARQUE SOLAR C.INV.ENERG.SOLAR),P  ,0,0,0,0,0,0,0,0.2,0.4,0.7,0.7,0.8,0.9,0.9,0.5,0.2,0.1,0,0,0,0,0,0,0,0,
1/9/2024,CIESS (PARQUE SOLAR C.INV.ENERG.SOLAR),Q  ,0,0,0,0,0,0,0,0,0,0.1,0,0,0.1,0,0,0,0,0,0,0,0,0,0,0,0,
1/9/2024,CIESS (PARQUE SOLAR C.INV.ENERG.SOLAR),VV ,0,0,0,0,0,0,0,0,0,0,0,0,0,0,0,0,0,0,0,0,0,0,0,0,0,
1/9/2024,CIESS (PARQUE SOLAR C.INV.ENERG.SOLAR),AV ,0,0,0,0,0,0,0,0,0,0,0,0,0,0,0,0,0,0,0,0,0,0,0,0,0,
1/9/2024,CIESS (PARQUE SOLAR C.INV.ENERG.SOLAR),IR ,0,0,0,0,0,0,0,0,0,0,0,0,0,0,0,0,0,0,0,0,0,0,0,0,0,
1/9/2024,CIESS (PARQUE SOLAR C.INV.ENERG.SOLAR),TA ,0,0,0,0,0,0,0,0,0,0,0,0,0,0,0,0,0,0,0,0,0,0,0,0,0,
1/9/2024,CIESS (PARQUE SOLAR C.INV.ENERG.SOLAR),TM ,0,0,0,0,0,0,0,0,0,0,0,0,0,0,0,0,0,0,0,0,0,0,0,0,0,
1/9/2024,MAYAS (PARQUE SOLAR MAYARI II),P  ,0,0,0,0,0,0,0,0.1,0.6,1,1.2,0,0.5,0.8,0.6,0.3,0.1,0,0,0,0,0,0,0,0,
1/9/2024,MAYAS (PARQUE SOLAR MAYARI II),Q  ,0,0,0,0,0,0,0,0,0,0,-0.1,0,0,0,0,0,0,0,0,0,0,0,0,0,0,
1/9/2024,MAYAS (PARQUE SOLAR MAYARI II),VV ,0.6,0.4,0.7,0,0.6,0.6,0.4,0.4,0.8,2,2.3,0,4.3,3.8,2.9,2.4,1.2,0.5,0.3,0.8,0.6,0,0.6,0,0.4,
1/9/2024,MAYAS (PARQUE SOLAR MAYARI II),AV ,169.4,107.5,170,0,163.3,168.9,116.7,183.9,292.5,152.6,184.4,0,130.2,115.1,125.3,148,140.5,97.2,163.9,149.9,133.5,0,147.9,0,133.6,
1/9/2024,MAYAS (PARQUE SOLAR MAYARI II),IR ,169.4,107.5,170,0,163.3,168.9,116.7,183.9,292.5,152.6,184.4,0,130.2,115.1,125.3,148,140.5,97.2,163.9,149.9,133.5,0,147.9,0,133.6,
1/9/2024,MAYAS (PARQUE SOLAR MAYARI II),TA ,21.3,20.5,20.8,20.1,19.9,19.2,18.9,21.6,24.8,28.5,28.7,0,29,29.9,28.8,28.3,28.2,26.2,22.3,21.1,20.7,20.5,19.8,19.2,23.8,
1/9/2024,MAYAS (PARQUE SOLAR MAYARI II),TM ,18.2,16.7,16.3,16.4,16.3,15.2,15.3,22.2,32.6,43.6,45.7,0,37.8,42.6,35.9,32.4,31.9,24.4,20.3,18.9,18,17.1,16.3,15.5,21.9,
1/9/2024,RIOGS (PARQUE SOLAR RIO GRANDE),P  ,0,0,0,0,0,0,0.1,1,1.8,2.7,1.5,3.8,2.8,2.2,1.3,0.6,0.1,0,0,0,0,0,0,0,0,
1/9/2024,RIOGS (PARQUE SOLAR RIO GRANDE),Q  ,0,0,0,0,0,0,0,0,0,0.1,0.1,0.2,0.1,0,0,0,0,0,0,0,0,0,0,0,0,
1/9/2024,RIOGS (PARQUE SOLAR RIO GRANDE),VV ,0,0,0,0,0,0,0,0,0,0,0,0,0,0,0,0,0,0,0,0,0,0,0,0,0,
1/9/2024,RIOGS (PARQUE SOLAR RIO GRANDE),AV ,0,0,0,0,0,0,0,0,0,0,0,0,0,0,0,0,0,0,0,0,0,0,0,0,0,
1/9/2024,RIOGS (PARQUE SOLAR RIO GRANDE),IR ,0,0,0,0,0,0,0,0,0,0,0,0,0,0,0,0,0,0,0,0,0,0,0,0,0,
1/9/2024,RIOGS (PARQUE SOLAR RIO GRANDE),TA ,0,0,0,0,0,0,0,0,0,0,0,0,0,0,0,0,0,0,0,0,0,0,0,0,0,
1/9/2024,RIOGS (PARQUE SOLAR RIO GRANDE),TM ,0,0,0,0,0,0,0,0,0,0,0,0,0,0,0,0,0,0,0,0,0,0,0,0,0,
1/9/2024,GTMOS (PARQUE SOLAR GUANTANAMO 110KV),P  ,0,0,0,0,0,0,0.04,0.42,0.92,0.5,0,1.27,1,0.99,0.44,0.65,0.05,0,0,0,0,0,0,0,0,
1/9/2024,GTMOS (PARQUE SOLAR GUANTANAMO 110KV),Q  ,0,0,0,0,0,0,0,0.09,0.19,0.11,0,0.11,0.21,0.21,0.09,0.14,0,0,0,0,0,0,0,0,0,
1/9/2024,GTMOS (PARQUE SOLAR GUANTANAMO 110KV),VV ,0,0,0,0,0,0,0,0,0,0,0,0,0,0,0,0,0,0,0,0,0,0,0,0,0,
1/9/2024,GTMOS (PARQUE SOLAR GUANTANAMO 110KV),AV ,0,0,0,0,0,0,0,0,0,0,0,0,0,0,0,0,0,0,0,0,0,0,0,0,0,
1/9/2024,GTMOS (PARQUE SOLAR GUANTANAMO 110KV),IR ,0,0,0,0,0,0,0,0,0,0,0,0,0,0,0,0,0,0,0,0,0,0,0,0,0,
1/9/2024,GTMOS (PARQUE SOLAR GUANTANAMO 110KV),TA ,0,0,0,0,0,0,0,0,0,0,0,0,0,0,0,0,0,0,0,0,0,0,0,0,0,
1/9/2024,GTMOS (PARQUE SOLAR GUANTANAMO 110KV),TM ,0,0,0,0,0,0,0,0,0,0,0,0,0,0,0,0,0,0,0,0,0,0,0,0,0,
1/9/2024,PMAIS (PARQUE SOLAR PUNTA DE MAISI),P  ,0,0,0,0,0,0,0.03,0.13,0.43,0.69,0.77,0,0.89,0.63,0.43,0.27,0.05,0,0,0,0,0,0,0,0,
1/9/2024,PMAIS (PARQUE SOLAR PUNTA DE MAISI),Q  ,0,0,0,0,0,0,0,0,0,0,0,0,0,0,0,0,0,0,0,0,0,0,0,0,0,
1/9/2024,PMAIS (PARQUE SOLAR PUNTA DE MAISI),VV ,0,0,0,0,0,0,0,0,0,0,0,0,0,0,0,0,0,0,0,0,0,0,0,0,0,
1/9/2024,PMAIS (PARQUE SOLAR PUNTA DE MAISI),AV ,0,0,0,0,0,0,0,0,0,0,0,0,0,0,0,0,0,0,0,0,0,0,0,0,0,
1/9/2024,PMAIS (PARQUE SOLAR PUNTA DE MAISI),IR ,0,0,0,0,0,0,0,0,0,0,0,0,0,0,0,0,0,0,0,0,0,0,0,0,0,
1/9/2024,PMAIS (PARQUE SOLAR PUNTA DE MAISI),TA ,0,0,0,0,0,0,0,0,0,0,0,0,0,0,0,0,0,0,0,0,0,0,0,0,0,
1/9/2024,PMAIS (PARQUE SOLAR PUNTA DE MAISI),TM ,0,0,0,0,0,0,0,0,0,0,0,0,0,0,0,0,0,0,0,0,0,0,0,0,0,
1/9/2024,SIGUS (PARQUE SOLAR LOS SIGUATOS),P  ,0,0,0,0,0,0,0.09,1.18,2.02,1.83,1.96,2.73,2.76,2.59,1.68,1.01,0.12,0,0,0,0,0,0,0,0,
1/9/2024,SIGUS (PARQUE SOLAR LOS SIGUATOS),Q  ,0,0,0,0,0,0,0.01,0.12,0.16,0.19,0.13,0.25,0.24,0.24,0.16,0.14,0.13,0,0,0,0,0,0,0,0,
1/9/2024,SIGUS (PARQUE SOLAR LOS SIGUATOS),VV ,0,0,0,0,0,0,0,0,0,0,0,0,0,0,0,0,0,0,0,0,0,0,0,0,0,
1/9/2024,SIGUS (PARQUE SOLAR LOS SIGUATOS),AV ,0,0,0,0,0,0,0,0,0,0,0,0,0,0,0,0,0,0,0,0,0,0,0,0,0,
1/9/2024,SIGUS (PARQUE SOLAR LOS SIGUATOS),IR ,0,0,0,0,0,0,0,0,0,0,0,0,0,0,0,0,0,0,0,0,0,0,0,0,0,
1/9/2024,SIGUS (PARQUE SOLAR LOS SIGUATOS),TA ,0,0,0,0,0,0,0,0,0,0,0,0,0,0,0,0,0,0,0,0,0,0,0,0,0,
1/9/2024,SIGUS (PARQUE SOLAR LOS SIGUATOS),TM ,0,0,0,0,0,0,0,0,0,0,0,0,0,0,0,0,0,0,0,0,0,0,0,0,0,
1/9/2024,STE2S (PARQUE SOLAR SANTA TERESA II),P  ,0,0,0,0,0,0,0.1,0.16,0.44,0.96,0.91,0.76,0.79,0.69,0.46,0.11,0.06,0,0,0,0,0,0,0,0,
1/9/2024,STE2S (PARQUE SOLAR SANTA TERESA II),Q  ,0,0,0,0,0,0,0,0,0,0,0,0,0,0,0,0,0,0,0,0,0,0,0,0,0,
1/9/2024,STE2S (PARQUE SOLAR SANTA TERESA II),VV ,1.5,1.6,1.1,0.4,1.3,1.6,0.7,0,2.1,3.1,3.4,2.5,4.1,2.4,3.4,2.3,1.1,0.6,0.4,1.1,0.9,0.5,0.5,0.7,0.8,
1/9/2024,STE2S (PARQUE SOLAR SANTA TERESA II),AV ,290.7,287.5,317.1,332.5,23.4,261.3,264.8,0,127.3,63.8,120.9,84.3,114.3,149.1,76.9,93.9,78.4,72.7,72.7,346.2,319,353,11.6,210.8,120.6,
1/9/2024,STE2S (PARQUE SOLAR SANTA TERESA II),IR ,0.8,0.1,1.5,0,0,0,52.7,232.8,413.7,802.8,709.6,880.9,499.3,566.8,326,198.3,49.9,0,0,1,0,0.3,0,0.5,0,
1/9/2024,STE2S (PARQUE SOLAR SANTA TERESA II),TA ,22.5,21.9,21.3,21.5,20.9,20,20.5,27.8,29,29.3,29.7,30,30.5,30.2,29.8,29.6,28.6,27.6,26.4,24.2,23.5,23.8,22.2,22.5,25.9,
1/9/2024,STE2S (PARQUE SOLAR SANTA TERESA II),TM ,20,18.8,18.7,18.7,18.1,18,19.3,29.6,39,40.7,43.5,42.2,40.4,40.9,37.4,34.8,29.2,23.5,21.3,20.6,20.3,19.5,18.7,18.2,22.1,
1/9/2024,STE3S (PARQUE SOLAR SANTA TERESA III),P  ,0,0,0,0,0,0,0,0.14,0.17,0.31,0.33,0.35,0.27,0.27,0.24,0.04,0.02,0,0,0,0,0,0,0,0,
1/9/2024,STE3S (PARQUE SOLAR SANTA TERESA III),Q  ,0,0,0,0,0,0,0,0,0,0,0,0,0,0,0,0,0,0,0,0,0,0,0,0,0,
1/9/2024,STE3S (PARQUE SOLAR SANTA TERESA III),VV ,1.5,1.6,1.1,0.4,1.3,1.6,0.7,0,2.1,3.1,3.4,2.5,4.1,2.4,3.4,2.3,1.1,0.6,0.4,1.1,0.9,0.5,0.5,0.7,0.8,
1/9/2024,STE3S (PARQUE SOLAR SANTA TERESA III),AV ,290.7,287.5,317.1,332.5,23.4,261.3,264.8,0,127.3,63.8,120.9,84.3,114.3,149.1,76.9,93.9,78.4,72.7,72.7,346.2,319,353,11.6,210.8,120.6,
1/9/2024,STE3S (PARQUE SOLAR SANTA TERESA III),IR ,0.8,0.1,1.5,0,0,0,52.7,232.8,413.7,802.8,709.6,880.9,499.3,566.8,326,198.3,49.9,0,0,1,0,0.3,0,0.5,0,
1/9/2024,STE3S (PARQUE SOLAR SANTA TERESA III),TA ,22.5,21.9,21.3,21.5,20.9,20,20.5,27.8,29,29.3,29.7,30,30.5,30.2,29.8,29.6,28.6,27.6,26.4,24.2,23.5,23.8,22.2,22.5,25.9,
1/9/2024,STE3S (PARQUE SOLAR SANTA TERESA III),TM ,20,18.8,18.7,18.7,18.1,18,19.3,29.6,39,40.7,43.5,42.2,40.4,40.9,37.4,34.8,29.2,23.5,21.3,20.6,20.3,19.5,18.7,18.2,22.1,
1/9/2024,STE4S (PARQUE SOLAR SANTA TERESA IV),P  ,0,0,0,0,0,0,0.01,0.12,0.44,1,0.88,0.9,0.58,0.68,0.39,0.21,0.04,0,0,0,0,0,0,0,0,
1/9/2024,STE4S (PARQUE SOLAR SANTA TERESA IV),Q  ,0,0,0,0,0,0,0,0.02,0.04,0.04,0.04,0.04,0.04,0.05,0.04,0.02,0.01,42949.67,0,0,0,0,0,0,0,
1/9/2024,STE4S (PARQUE SOLAR SANTA TERESA IV),VV ,1.5,1.6,1.1,0.4,1.3,1.6,0.7,0,2.1,3.1,3.4,2.5,4.1,2.4,3.4,2.3,1.1,0.6,0.4,1.1,0.9,0.5,0.5,0.7,0.8,
1/9/2024,STE4S (PARQUE SOLAR SANTA TERESA IV),AV ,290.7,287.5,317.1,332.5,23.4,261.3,264.8,0,127.3,63.8,120.9,84.3,114.3,149.1,76.9,93.9,78.4,72.7,72.7,346.2,319,353,11.6,210.8,120.6,
1/9/2024,STE4S (PARQUE SOLAR SANTA TERESA IV),IR ,0.8,0.1,1.5,0,0,0,52.7,232.8,413.7,802.8,709.6,880.9,499.3,566.8,326,198.3,49.9,0,0,1,0,0.3,0,0.5,0,
1/9/2024,STE4S (PARQUE SOLAR SANTA TERESA IV),TA ,22.5,21.9,21.3,21.5,20.9,20,20.5,27.8,29,29.3,29.7,30,30.5,30.2,29.8,29.6,28.6,27.6,26.4,24.2,23.5,23.8,22.2,22.5,25.9,
1/9/2024,STE4S (PARQUE SOLAR SANTA TERESA IV),TM ,20,18.8,18.7,18.7,18.1,18,19.3,29.6,39,40.7,43.5,42.2,40.4,40.9,37.4,34.8,29.2,23.5,21.3,20.6,20.3,19.5,18.7,18.2,22.1,
1/9/2024,STERS (PARQUE SOLAR SANTA TERESA I),P  ,0,0,0,0,0,0,0,0.12,0.27,0.41,0.64,0.64,0.63,0.58,0.54,0.32,0.18,0,0,0,0,0,0,0,0,
1/9/2024,STERS (PARQUE SOLAR SANTA TERESA I),Q  ,0,0,0,0,0,0,0,0,0.01,0.01,0.02,0.02,0.02,0.02,0.01,0.01,0,0,0,0,0,0,0,0,0,
1/9/2024,STERS (PARQUE SOLAR SANTA TERESA I),VV ,1.5,1.6,1.1,0.4,1.3,1.6,0.7,0,2.1,3.1,3.4,2.5,4.1,2.4,3.4,2.3,1.1,0.6,0.4,1.1,0.9,0.5,0.5,0.7,0.8,
1/9/2024,STERS (PARQUE SOLAR SANTA TERESA I),AV ,290.7,287.5,317.1,332.5,23.4,261.3,264.8,0,127.3,63.8,120.9,84.3,114.3,149.1,76.9,93.9,78.4,72.7,72.7,346.2,319,353,11.6,210.8,120.6,
1/9/2024,STERS (PARQUE SOLAR SANTA TERESA I),IR ,0.8,0.1,1.5,0,0,0,52.7,232.8,413.7,802.8,709.6,880.9,499.3,566.8,326,198.3,49.9,0,0,1,0,0.3,0,0.5,0,
1/9/2024,STERS (PARQUE SOLAR SANTA TERESA I),TA ,22.5,21.9,21.3,21.5,20.9,20,20.5,27.8,29,29.3,29.7,30,30.5,30.2,29.8,29.6,28.6,27.6,26.4,24.2,23.5,23.8,22.2,22.5,25.9,
1/9/2024,STERS (PARQUE SOLAR SANTA TERESA I),TM ,20,18.8,18.7,18.7,18.1,18,19.3,29.6,39,40.7,43.5,42.2,40.4,40.9,37.4,34.8,29.2,23.5,21.3,20.6,20.3,19.5,18.7,18.2,22.1,
1/9/2024,YAYAS (PARQUE SOLAR LA YAYA),P  ,0,0,0,0,0,0,0.01,0.11,0.38,0.95,0.84,0.33,0.64,0.8,0.58,0.38,0.05,0,0,0,0,0,0,0,0,
1/9/2024,YAYAS (PARQUE SOLAR LA YAYA),Q  ,0,0,0,0,0,0,0.01,0.01,0.02,42949.66,0.01,0.02,0.02,0,0.02,0.01,0.01,0,0.01,0,0,0,0,0,0,
1/9/2024,YAYAS (PARQUE SOLAR LA YAYA),VV ,0.8,1,0.5,0.5,0.4,0.4,0.3,0.9,0.5,2.3,4.1,4.2,3.5,3.7,1.4,2.7,2.1,0,0,0.8,0,0.7,0,0,0.5,
1/9/2024,YAYAS (PARQUE SOLAR LA YAYA),AV ,250.2,282,274.6,255.1,5.4,269,310,261.7,314.5,100.2,141.9,126.5,152.8,106.3,134.9,114.5,166.2,0,0,333.2,0,329.1,0,0,61.9,
1/9/2024,YAYAS (PARQUE SOLAR LA YAYA),IR ,0,0.4,0,0,0,0,32.3,169,384,665.2,702.6,295.8,682.5,537.4,476.4,316.8,73.3,0,0,0,0,0,0,0,0,
1/9/2024,YAYAS (PARQUE SOLAR LA YAYA),TA ,19.6,19.6,19.5,19.5,19.2,19,18.4,22.1,25.7,27.3,28.9,29.3,29.2,29.7,29.2,28.8,28,26.4,24.7,22.8,21.9,21,20.4,19.7,25.2,
1/9/2024,YAYAS (PARQUE SOLAR LA YAYA),TM ,18.1,18.1,18.3,17.9,17.9,17.7,17.8,26.2,39.3,39.9,47.5,44.3,44.6,48.4,40.9,36.8,30.7,24.1,22.4,21.2,20.2,19.9,18.9,18.5,22.8,

